participant_id	session_id	atlas	hemisphere	structname	numvert	surfarea	grayvol	thickavg	thickstd	meancurv	gauscurv	foldind	curvind	index	segid	mean_wgpct	stddev_wgpct	min_wgpct	max_wgpct	range_wgpct	snr_wgpct
sub-23698	ses-1	Schaefer2018_400Parcels_7Networks_order	lh	Background+FreeSurfer_Defined_Medial_Wall	8636	5163	1477	0.281	0.776	0.077	0.018	45	5.9	1	0	2.3698	7.7552	-59.3606	49.7970	109.1576	0.3056
sub-23698	ses-1	Schaefer2018_400Parcels_7Networks_order	lh	7Networks_LH_Vis_1	499	331	1446	3.533	0.414	0.124	0.024	6	0.5	2	1	27.5570	5.7012	13.2621	40.5047	27.2425	4.8336
sub-23698	ses-1	Schaefer2018_400Parcels_7Networks_order	lh	7Networks_LH_Vis_2	692	450	1346	3.021	0.421	0.096	0.014	6	0.4	3	2	28.4061	4.7080	10.4042	39.0662	28.6620	6.0336
sub-23698	ses-1	Schaefer2018_400Parcels_7Networks_order	lh	7Networks_LH_Vis_3	517	344	1384	3.397	0.388	0.106	0.017	5	0.4	4	3	26.3658	5.3987	14.1979	41.0548	26.8570	4.8837
sub-23698	ses-1	Schaefer2018_400Parcels_7Networks_order	lh	7Networks_LH_Vis_4	837	558	1478	2.980	0.464	0.099	0.020	5	0.6	5	4	27.2764	4.7685	7.9039	36.1092	28.2053	5.7201
sub-23698	ses-1	Schaefer2018_400Parcels_7Networks_order	lh	7Networks_LH_Vis_5	954	646	1613	2.620	0.420	0.125	0.028	10	1.0	6	5	25.0809	5.4435	7.3683	36.1010	28.7327	4.6075
sub-23698	ses-1	Schaefer2018_400Parcels_7Networks_order	lh	7Networks_LH_Vis_6	655	433	1136	2.757	0.480	0.135	0.030	7	0.8	7	6	25.3743	6.3700	10.0774	38.5407	28.4633	3.9834
sub-23698	ses-1	Schaefer2018_400Parcels_7Networks_order	lh	7Networks_LH_Vis_7	331	204	660	2.929	0.948	0.095	0.020	3	0.2	8	7	21.9403	6.5446	0.0000	32.8829	32.8829	3.3524
sub-23698	ses-1	Schaefer2018_400Parcels_7Networks_order	lh	7Networks_LH_Vis_8	857	559	1778	2.895	0.435	0.122	0.028	9	1.0	9	8	27.8801	5.9457	10.5354	42.1916	31.6562	4.6891
sub-23698	ses-1	Schaefer2018_400Parcels_7Networks_order	lh	7Networks_LH_Vis_9	800	532	918	1.818	0.405	0.128	0.028	9	0.9	10	9	23.2771	4.7339	8.3785	37.7428	29.3643	4.9171
sub-23698	ses-1	Schaefer2018_400Parcels_7Networks_order	lh	7Networks_LH_Vis_10	873	618	1591	2.650	0.767	0.156	0.031	14	1.2	11	10	21.4383	5.8665	5.2308	35.7347	30.5039	3.6544
sub-23698	ses-1	Schaefer2018_400Parcels_7Networks_order	lh	7Networks_LH_Vis_11	845	592	1022	1.778	0.611	0.153	0.033	12	1.2	12	11	19.9648	5.5670	4.6847	33.4453	28.7606	3.5863
sub-23698	ses-1	Schaefer2018_400Parcels_7Networks_order	lh	7Networks_LH_Vis_12	926	597	1314	2.045	0.547	0.143	0.031	12	1.2	13	12	19.9125	6.0263	6.8977	35.4777	28.5799	3.3043
sub-23698	ses-1	Schaefer2018_400Parcels_7Networks_order	lh	7Networks_LH_Vis_13	275	187	314	1.674	0.206	0.124	0.019	4	0.2	14	13	18.6030	5.3496	6.3312	27.7337	21.4025	3.4775
sub-23698	ses-1	Schaefer2018_400Parcels_7Networks_order	lh	7Networks_LH_Vis_14	575	380	1107	2.741	0.452	0.121	0.018	6	0.5	15	14	25.9382	4.9369	13.0439	40.0800	27.0361	5.2540
sub-23698	ses-1	Schaefer2018_400Parcels_7Networks_order	lh	7Networks_LH_Vis_15	910	576	1051	1.708	0.524	0.133	0.027	11	1.0	16	15	18.4496	5.2648	-0.8548	35.0767	35.9314	3.5043
sub-23698	ses-1	Schaefer2018_400Parcels_7Networks_order	lh	7Networks_LH_Vis_16	614	449	841	2.082	0.422	0.110	0.021	5	0.5	17	16	18.6355	9.7338	-83.9510	52.4390	136.3900	1.9145
sub-23698	ses-1	Schaefer2018_400Parcels_7Networks_order	lh	7Networks_LH_Vis_17	771	529	1417	2.682	0.342	0.105	0.015	6	0.4	18	17	26.0734	4.7921	8.9209	42.2935	33.3726	5.4410
sub-23698	ses-1	Schaefer2018_400Parcels_7Networks_order	lh	7Networks_LH_Vis_18	780	536	875	1.534	0.357	0.138	0.029	10	1.0	19	18	14.6506	5.8713	-5.1800	31.2845	36.4646	2.4953
sub-23698	ses-1	Schaefer2018_400Parcels_7Networks_order	lh	7Networks_LH_Vis_19	679	460	781	1.818	0.431	0.142	0.028	8	0.8	20	19	23.7053	4.7453	6.8169	34.0321	27.2153	4.9955
sub-23698	ses-1	Schaefer2018_400Parcels_7Networks_order	lh	7Networks_LH_Vis_20	265	170	346	2.363	0.560	0.114	0.026	3	0.2	21	20	23.7411	7.0099	5.4393	34.2357	28.7964	3.3868
sub-23698	ses-1	Schaefer2018_400Parcels_7Networks_order	lh	7Networks_LH_Vis_21	1227	812	1392	1.915	0.583	0.115	0.024	12	1.3	22	21	17.2835	5.4253	-8.3066	27.9849	36.2914	3.1857
sub-23698	ses-1	Schaefer2018_400Parcels_7Networks_order	lh	7Networks_LH_Vis_22	752	579	939	1.945	0.542	0.147	0.031	9	1.1	23	22	16.7396	8.4580	-72.1261	52.0543	124.1804	1.9791
sub-23698	ses-1	Schaefer2018_400Parcels_7Networks_order	lh	7Networks_LH_Vis_23	751	490	1295	2.457	0.274	0.116	0.016	9	0.5	24	23	26.0078	4.3640	11.8009	36.8582	25.0574	5.9596
sub-23698	ses-1	Schaefer2018_400Parcels_7Networks_order	lh	7Networks_LH_Vis_24	845	582	1110	1.904	0.435	0.157	0.032	13	1.3	25	24	22.6364	4.9212	9.1878	34.8354	25.6476	4.5998
sub-23698	ses-1	Schaefer2018_400Parcels_7Networks_order	lh	7Networks_LH_Vis_25	751	529	1176	2.118	0.517	0.137	0.027	7	0.9	26	25	23.7066	4.1880	8.5693	33.8524	25.2831	5.6607
sub-23698	ses-1	Schaefer2018_400Parcels_7Networks_order	lh	7Networks_LH_Vis_26	541	360	669	2.093	0.435	0.111	0.027	4	0.5	27	26	22.4959	4.3006	8.4139	32.6549	24.2410	5.2309
sub-23698	ses-1	Schaefer2018_400Parcels_7Networks_order	lh	7Networks_LH_Vis_27	672	449	919	2.305	0.218	0.108	0.020	4	0.5	28	27	28.8283	4.1296	12.4203	37.6947	25.2745	6.9809
sub-23698	ses-1	Schaefer2018_400Parcels_7Networks_order	lh	7Networks_LH_Vis_28	331	227	617	2.426	0.273	0.109	0.016	4	0.3	29	28	26.5225	4.6888	13.8849	35.7544	21.8694	5.6566
sub-23698	ses-1	Schaefer2018_400Parcels_7Networks_order	lh	7Networks_LH_Vis_29	548	370	1013	2.427	0.384	0.136	0.026	8	0.6	30	29	24.7008	4.5008	13.3774	37.6799	24.3024	5.4881
sub-23698	ses-1	Schaefer2018_400Parcels_7Networks_order	lh	7Networks_LH_Vis_30	415	272	629	2.267	0.296	0.069	0.010	2	0.2	31	30	24.9675	4.9661	10.3934	34.5334	24.1401	5.0276
sub-23698	ses-1	Schaefer2018_400Parcels_7Networks_order	lh	7Networks_LH_Vis_31	472	309	979	2.514	0.281	0.107	0.017	5	0.4	32	31	26.7739	3.9381	10.3713	38.1892	27.8179	6.7988
sub-23698	ses-1	Schaefer2018_400Parcels_7Networks_order	lh	7Networks_LH_SomMot_1	597	378	1348	3.149	0.353	0.092	0.012	4	0.3	33	32	24.5541	5.1477	12.6984	37.6859	24.9875	4.7699
sub-23698	ses-1	Schaefer2018_400Parcels_7Networks_order	lh	7Networks_LH_SomMot_2	896	565	1814	3.062	0.367	0.072	0.011	4	0.4	34	33	26.2059	3.9457	9.8149	33.3976	23.5827	6.6417
sub-23698	ses-1	Schaefer2018_400Parcels_7Networks_order	lh	7Networks_LH_SomMot_3	419	272	709	2.860	0.430	0.095	0.012	2	0.2	35	34	23.3534	3.3581	14.6781	30.4840	15.8059	6.9544
sub-23698	ses-1	Schaefer2018_400Parcels_7Networks_order	lh	7Networks_LH_SomMot_4	660	434	1116	2.940	0.418	0.112	0.020	5	0.6	36	35	27.6158	5.9132	7.0113	39.3889	32.3776	4.6702
sub-23698	ses-1	Schaefer2018_400Parcels_7Networks_order	lh	7Networks_LH_SomMot_5	451	299	673	2.910	0.276	0.106	0.020	3	0.4	37	36	25.6209	6.0090	6.6516	36.6227	29.9712	4.2637
sub-23698	ses-1	Schaefer2018_400Parcels_7Networks_order	lh	7Networks_LH_SomMot_6	457	295	953	2.953	0.432	0.119	0.022	5	0.4	38	37	27.6824	5.2133	11.4615	38.6461	27.1846	5.3100
sub-23698	ses-1	Schaefer2018_400Parcels_7Networks_order	lh	7Networks_LH_SomMot_7	456	294	649	2.849	0.326	0.087	0.012	2	0.2	39	38	28.1820	2.8916	19.3047	36.1890	16.8843	9.7460
sub-23698	ses-1	Schaefer2018_400Parcels_7Networks_order	lh	7Networks_LH_SomMot_8	366	260	749	3.067	0.286	0.130	0.025	5	0.5	40	39	26.4473	7.9590	6.4212	39.2331	32.8119	3.3229
sub-23698	ses-1	Schaefer2018_400Parcels_7Networks_order	lh	7Networks_LH_SomMot_9	423	272	1061	3.330	0.334	0.124	0.028	5	0.4	41	40	25.5190	5.9226	7.2862	38.6029	31.3167	4.3088
sub-23698	ses-1	Schaefer2018_400Parcels_7Networks_order	lh	7Networks_LH_SomMot_10	337	230	666	3.080	0.394	0.118	0.018	3	0.3	42	41	28.0875	5.3883	11.6858	38.3591	26.6733	5.2127
sub-23698	ses-1	Schaefer2018_400Parcels_7Networks_order	lh	7Networks_LH_SomMot_11	284	196	650	2.869	0.324	0.126	0.022	3	0.2	43	42	27.8028	4.4234	16.3344	37.9491	21.6147	6.2854
sub-23698	ses-1	Schaefer2018_400Parcels_7Networks_order	lh	7Networks_LH_SomMot_12	649	414	1108	2.766	0.405	0.108	0.016	4	0.5	44	43	27.5529	5.8899	13.1408	39.8147	26.6739	4.6780
sub-23698	ses-1	Schaefer2018_400Parcels_7Networks_order	lh	7Networks_LH_SomMot_13	443	262	885	2.544	0.315	0.100	0.014	4	0.3	45	44	22.6729	5.8539	6.7843	35.5594	28.7752	3.8731
sub-23698	ses-1	Schaefer2018_400Parcels_7Networks_order	lh	7Networks_LH_SomMot_14	345	223	455	2.205	0.464	0.103	0.022	2	0.2	46	45	22.6436	4.8947	12.5691	34.0231	21.4541	4.6262
sub-23698	ses-1	Schaefer2018_400Parcels_7Networks_order	lh	7Networks_LH_SomMot_15	514	322	662	2.396	0.317	0.084	0.015	2	0.3	47	46	28.8998	7.0028	5.0346	41.9863	36.9517	4.1269
sub-23698	ses-1	Schaefer2018_400Parcels_7Networks_order	lh	7Networks_LH_SomMot_16	415	265	906	2.833	0.427	0.097	0.021	4	0.4	48	47	18.6886	3.7672	7.9549	32.5499	24.5949	4.9609
sub-23698	ses-1	Schaefer2018_400Parcels_7Networks_order	lh	7Networks_LH_SomMot_17	352	227	338	1.597	0.307	0.085	0.011	2	0.1	49	48	23.9194	4.0995	10.5345	32.7317	22.1972	5.8348
sub-23698	ses-1	Schaefer2018_400Parcels_7Networks_order	lh	7Networks_LH_SomMot_18	432	268	931	3.210	0.332	0.090	0.017	3	0.3	50	49	27.4083	5.7385	14.1828	39.2749	25.0921	4.7763
sub-23698	ses-1	Schaefer2018_400Parcels_7Networks_order	lh	7Networks_LH_SomMot_19	340	223	480	2.609	0.439	0.115	0.025	2	0.3	51	50	22.0051	4.4043	10.3159	31.8122	21.4963	4.9963
sub-23698	ses-1	Schaefer2018_400Parcels_7Networks_order	lh	7Networks_LH_SomMot_20	448	275	591	1.888	0.420	0.123	0.025	4	0.6	52	51	18.1548	4.9984	1.7404	28.3104	26.5700	3.6321
sub-23698	ses-1	Schaefer2018_400Parcels_7Networks_order	lh	7Networks_LH_SomMot_21	686	403	1208	2.503	0.202	0.079	0.010	4	0.3	53	52	23.3815	3.9742	10.6001	32.5453	21.9452	5.8833
sub-23698	ses-1	Schaefer2018_400Parcels_7Networks_order	lh	7Networks_LH_SomMot_22	230	147	176	1.515	0.303	0.124	0.036	2	0.3	54	53	23.0817	4.1639	11.0952	29.9464	18.8511	5.5433
sub-23698	ses-1	Schaefer2018_400Parcels_7Networks_order	lh	7Networks_LH_SomMot_23	227	141	408	2.752	0.337	0.074	0.012	1	0.1	55	54	25.2664	3.9244	16.2295	35.2754	19.0459	6.4384
sub-23698	ses-1	Schaefer2018_400Parcels_7Networks_order	lh	7Networks_LH_SomMot_24	288	188	637	3.081	0.395	0.128	0.021	3	0.2	56	55	23.2118	4.1688	15.2973	32.9359	17.6386	5.5680
sub-23698	ses-1	Schaefer2018_400Parcels_7Networks_order	lh	7Networks_LH_SomMot_25	294	206	699	3.100	0.452	0.134	0.021	4	0.3	57	56	25.6606	5.5130	10.8453	35.7562	24.9109	4.6546
sub-23698	ses-1	Schaefer2018_400Parcels_7Networks_order	lh	7Networks_LH_SomMot_26	862	458	1417	2.601	0.544	0.094	0.018	4	0.8	58	57	15.6255	4.4476	1.5313	30.9399	29.4087	3.5132
sub-23698	ses-1	Schaefer2018_400Parcels_7Networks_order	lh	7Networks_LH_SomMot_27	420	271	800	2.515	0.257	0.129	0.023	5	0.4	59	58	26.4421	4.3434	16.1731	41.4653	25.2921	6.0879
sub-23698	ses-1	Schaefer2018_400Parcels_7Networks_order	lh	7Networks_LH_SomMot_28	386	239	368	1.607	0.323	0.086	0.013	2	0.2	60	59	22.4971	3.9894	9.5984	31.1270	21.5285	5.6392
sub-23698	ses-1	Schaefer2018_400Parcels_7Networks_order	lh	7Networks_LH_SomMot_29	382	244	506	2.132	0.301	0.086	0.018	2	0.2	61	60	23.4311	5.3083	6.2256	34.6411	28.4155	4.4141
sub-23698	ses-1	Schaefer2018_400Parcels_7Networks_order	lh	7Networks_LH_SomMot_30	538	342	852	2.389	0.439	0.118	0.021	6	0.4	62	61	24.6122	6.2455	8.3857	36.9098	28.5241	3.9408
sub-23698	ses-1	Schaefer2018_400Parcels_7Networks_order	lh	7Networks_LH_SomMot_31	305	190	307	1.877	0.471	0.087	0.015	1	0.2	63	62	21.0658	4.6696	12.1074	33.0482	20.9408	4.5113
sub-23698	ses-1	Schaefer2018_400Parcels_7Networks_order	lh	7Networks_LH_SomMot_32	484	304	694	2.109	0.400	0.113	0.020	4	0.4	64	63	23.6031	6.8359	8.0483	39.3048	31.2565	3.4528
sub-23698	ses-1	Schaefer2018_400Parcels_7Networks_order	lh	7Networks_LH_SomMot_33	765	426	1324	2.695	0.551	0.088	0.020	5	0.6	65	64	17.7887	4.7565	-6.0971	31.8054	37.9025	3.7399
sub-23698	ses-1	Schaefer2018_400Parcels_7Networks_order	lh	7Networks_LH_SomMot_34	635	375	905	2.357	0.306	0.102	0.016	4	0.5	66	65	25.8964	7.2125	3.7644	40.4767	36.7123	3.5905
sub-23698	ses-1	Schaefer2018_400Parcels_7Networks_order	lh	7Networks_LH_SomMot_35	462	295	400	1.457	0.365	0.105	0.016	5	0.3	67	66	22.8961	4.3504	6.4198	30.5047	24.0850	5.2630
sub-23698	ses-1	Schaefer2018_400Parcels_7Networks_order	lh	7Networks_LH_SomMot_36	373	233	518	2.286	0.244	0.128	0.023	4	0.4	68	67	25.0131	6.7393	5.1800	42.3504	37.1704	3.7115
sub-23698	ses-1	Schaefer2018_400Parcels_7Networks_order	lh	7Networks_LH_SomMot_37	307	177	434	2.256	0.494	0.070	0.012	1	0.1	69	68	16.7489	3.7235	7.7453	26.0085	18.2633	4.4981
sub-23698	ses-1	Schaefer2018_400Parcels_7Networks_order	lh	7Networks_LH_DorsAttn_Post_1	625	427	1156	2.722	0.358	0.092	0.012	4	0.3	70	69	32.3643	3.6816	12.3211	39.0189	26.6978	8.7909
sub-23698	ses-1	Schaefer2018_400Parcels_7Networks_order	lh	7Networks_LH_DorsAttn_Post_2	952	628	2088	2.853	0.408	0.116	0.021	11	0.8	71	70	29.5608	7.0221	7.1634	42.4442	35.2808	4.2097
sub-23698	ses-1	Schaefer2018_400Parcels_7Networks_order	lh	7Networks_LH_DorsAttn_Post_3	876	583	1728	2.744	0.449	0.106	0.019	8	0.7	72	71	29.7829	5.7646	6.2234	40.0345	33.8111	5.1665
sub-23698	ses-1	Schaefer2018_400Parcels_7Networks_order	lh	7Networks_LH_DorsAttn_Post_4	695	463	1205	2.461	0.301	0.107	0.017	6	0.5	73	72	24.7748	3.5650	13.6453	34.8746	21.2293	6.9495
sub-23698	ses-1	Schaefer2018_400Parcels_7Networks_order	lh	7Networks_LH_DorsAttn_Post_5	334	216	393	2.184	0.245	0.119	0.026	3	0.3	74	73	29.0572	4.0682	17.5270	40.0022	22.4752	7.1425
sub-23698	ses-1	Schaefer2018_400Parcels_7Networks_order	lh	7Networks_LH_DorsAttn_Post_6	550	343	1072	2.780	0.223	0.092	0.015	5	0.3	75	74	31.0948	4.1726	18.1785	40.5085	22.3300	7.4522
sub-23698	ses-1	Schaefer2018_400Parcels_7Networks_order	lh	7Networks_LH_DorsAttn_Post_7	481	312	642	2.359	0.294	0.097	0.015	2	0.3	76	75	32.2674	2.9013	21.9841	42.5383	20.5542	11.1217
sub-23698	ses-1	Schaefer2018_400Parcels_7Networks_order	lh	7Networks_LH_DorsAttn_Post_8	356	231	447	2.441	0.211	0.102	0.017	3	0.3	77	76	32.6920	4.6327	16.1877	41.8526	25.6649	7.0567
sub-23698	ses-1	Schaefer2018_400Parcels_7Networks_order	lh	7Networks_LH_DorsAttn_Post_9	408	268	428	2.019	0.318	0.129	0.027	4	0.4	78	77	29.6137	5.8076	7.3418	39.1578	31.8160	5.0991
sub-23698	ses-1	Schaefer2018_400Parcels_7Networks_order	lh	7Networks_LH_DorsAttn_Post_10	323	229	598	2.443	0.320	0.119	0.017	4	0.3	79	78	25.1598	6.1204	9.9485	35.2682	25.3197	4.1108
sub-23698	ses-1	Schaefer2018_400Parcels_7Networks_order	lh	7Networks_LH_DorsAttn_Post_11	519	344	723	2.446	0.279	0.110	0.020	4	0.4	80	79	30.6609	3.9116	20.3178	41.6701	21.3522	7.8384
sub-23698	ses-1	Schaefer2018_400Parcels_7Networks_order	lh	7Networks_LH_DorsAttn_Post_12	363	238	485	2.256	0.245	0.085	0.009	2	0.2	81	80	28.2545	4.6217	12.1419	38.0700	25.9281	6.1134
sub-23698	ses-1	Schaefer2018_400Parcels_7Networks_order	lh	7Networks_LH_DorsAttn_Post_13	655	441	1281	2.641	0.453	0.119	0.023	6	0.6	82	81	28.0808	5.1095	11.7487	41.0123	29.2636	5.4958
sub-23698	ses-1	Schaefer2018_400Parcels_7Networks_order	lh	7Networks_LH_DorsAttn_Post_14	488	299	1029	2.770	0.284	0.126	0.024	6	0.5	83	82	27.7295	3.8179	17.5198	36.2395	18.7197	7.2631
sub-23698	ses-1	Schaefer2018_400Parcels_7Networks_order	lh	7Networks_LH_DorsAttn_Post_15	406	278	645	2.184	0.337	0.133	0.030	7	0.4	84	83	27.4007	6.9804	8.8332	45.4084	36.5752	3.9254
sub-23698	ses-1	Schaefer2018_400Parcels_7Networks_order	lh	7Networks_LH_DorsAttn_Post_16	441	289	694	2.344	0.396	0.113	0.020	4	0.3	85	84	29.3061	5.1815	10.8354	42.2096	31.3742	5.6559
sub-23698	ses-1	Schaefer2018_400Parcels_7Networks_order	lh	7Networks_LH_DorsAttn_Post_17	176	122	359	2.304	0.249	0.155	0.042	3	0.3	86	85	23.6139	5.4096	9.9091	36.4246	26.5155	4.3652
sub-23698	ses-1	Schaefer2018_400Parcels_7Networks_order	lh	7Networks_LH_DorsAttn_FEF_1	331	213	614	2.995	0.418	0.113	0.026	2	0.4	87	86	27.0560	7.9265	8.3281	44.0693	35.7412	3.4134
sub-23698	ses-1	Schaefer2018_400Parcels_7Networks_order	lh	7Networks_LH_DorsAttn_FEF_2	410	277	786	2.748	0.243	0.105	0.018	3	0.4	88	87	30.0146	5.4705	14.7940	42.5113	27.7173	5.4866
sub-23698	ses-1	Schaefer2018_400Parcels_7Networks_order	lh	7Networks_LH_DorsAttn_FEF_3	288	183	366	2.541	0.236	0.109	0.016	2	0.2	89	88	32.0673	4.4486	15.0140	41.3117	26.2977	7.2083
sub-23698	ses-1	Schaefer2018_400Parcels_7Networks_order	lh	7Networks_LH_DorsAttn_FEF_4	704	460	1556	2.925	0.460	0.126	0.028	8	0.9	90	89	28.2800	6.7855	15.1811	44.5881	29.4069	4.1677
sub-23698	ses-1	Schaefer2018_400Parcels_7Networks_order	lh	7Networks_LH_DorsAttn_PrCv_1	692	460	1583	3.023	0.356	0.107	0.020	7	0.5	91	90	30.1083	6.5735	13.7020	42.9380	29.2360	4.5802
sub-23698	ses-1	Schaefer2018_400Parcels_7Networks_order	lh	7Networks_LH_DorsAttn_PrCv_2	416	272	718	2.610	0.456	0.092	0.014	3	0.3	92	91	30.4362	4.3222	18.5905	37.2007	18.6102	7.0419
sub-23698	ses-1	Schaefer2018_400Parcels_7Networks_order	lh	7Networks_LH_SalVentAttn_ParOper_1	529	359	1029	2.759	0.346	0.105	0.021	5	0.5	93	92	27.5488	5.4032	-1.6767	39.7753	41.4520	5.0986
sub-23698	ses-1	Schaefer2018_400Parcels_7Networks_order	lh	7Networks_LH_SalVentAttn_ParOper_2	474	302	937	2.750	0.382	0.097	0.019	5	0.4	94	93	27.7342	6.1681	11.8448	40.7547	28.9099	4.4964
sub-23698	ses-1	Schaefer2018_400Parcels_7Networks_order	lh	7Networks_LH_SalVentAttn_ParOper_3	521	333	884	2.510	0.359	0.121	0.022	6	0.5	95	94	30.0523	5.9427	13.6385	42.2265	28.5879	5.0570
sub-23698	ses-1	Schaefer2018_400Parcels_7Networks_order	lh	7Networks_LH_SalVentAttn_ParOper_4	451	324	913	2.566	0.373	0.141	0.033	7	0.6	96	95	27.1715	6.7434	11.1311	38.6495	27.5183	4.0294
sub-23698	ses-1	Schaefer2018_400Parcels_7Networks_order	lh	7Networks_LH_SalVentAttn_TempOcc_1	857	562	1697	3.161	0.442	0.105	0.018	6	0.7	97	96	30.7007	6.0131	10.4887	42.0186	31.5299	5.1057
sub-23698	ses-1	Schaefer2018_400Parcels_7Networks_order	lh	7Networks_LH_SalVentAttn_FrOperIns_1	442	280	861	3.571	0.688	0.057	0.007	1	0.1	98	97	32.8900	4.4612	18.9649	43.4434	24.4785	7.3724
sub-23698	ses-1	Schaefer2018_400Parcels_7Networks_order	lh	7Networks_LH_SalVentAttn_FrOperIns_2	700	487	1870	3.636	0.845	0.102	0.022	7	0.6	99	98	23.4990	8.0324	-11.5399	38.4245	49.9644	2.9255
sub-23698	ses-1	Schaefer2018_400Parcels_7Networks_order	lh	7Networks_LH_SalVentAttn_FrOperIns_3	453	293	935	3.279	0.336	0.110	0.018	4	0.3	100	99	30.7875	4.8221	13.2331	38.4143	25.1812	6.3846
sub-23698	ses-1	Schaefer2018_400Parcels_7Networks_order	lh	7Networks_LH_SalVentAttn_FrOperIns_4	505	347	933	3.242	0.594	0.113	0.034	4	0.7	101	100	23.3639	8.7024	-12.0756	39.3336	51.4092	2.6848
sub-23698	ses-1	Schaefer2018_400Parcels_7Networks_order	lh	7Networks_LH_SalVentAttn_FrOperIns_5	557	354	821	3.000	0.436	0.083	0.010	2	0.3	102	101	34.4006	2.7281	24.1499	40.9237	16.7738	12.6095
sub-23698	ses-1	Schaefer2018_400Parcels_7Networks_order	lh	7Networks_LH_SalVentAttn_FrOperIns_6	378	236	593	2.755	0.310	0.086	0.013	3	0.2	103	102	30.6717	4.2417	9.8236	38.1497	28.3261	7.2311
sub-23698	ses-1	Schaefer2018_400Parcels_7Networks_order	lh	7Networks_LH_SalVentAttn_FrOperIns_7	315	204	847	3.244	0.356	0.104	0.017	3	0.3	104	103	28.4075	6.9992	9.9993	40.8970	30.8977	4.0587
sub-23698	ses-1	Schaefer2018_400Parcels_7Networks_order	lh	7Networks_LH_SalVentAttn_FrOperIns_8	404	267	1090	3.207	0.306	0.113	0.027	4	0.4	105	104	24.3666	5.7563	14.4815	37.9433	23.4617	4.2330
sub-23698	ses-1	Schaefer2018_400Parcels_7Networks_order	lh	7Networks_LH_SalVentAttn_FrOperIns_9	651	438	1131	3.077	0.390	0.086	0.011	2	0.3	106	105	33.7435	3.8399	19.6988	42.5829	22.8841	8.7875
sub-23698	ses-1	Schaefer2018_400Parcels_7Networks_order	lh	7Networks_LH_SalVentAttn_PFCl_1	760	531	1843	2.839	0.430	0.120	0.023	10	0.7	107	106	31.2219	7.0576	5.1915	44.7307	39.5392	4.4239
sub-23698	ses-1	Schaefer2018_400Parcels_7Networks_order	lh	7Networks_LH_SalVentAttn_Med_1	608	431	1272	2.921	0.356	0.118	0.020	6	0.5	108	107	33.1308	6.2072	8.2822	44.1840	35.9017	5.3375
sub-23698	ses-1	Schaefer2018_400Parcels_7Networks_order	lh	7Networks_LH_SalVentAttn_Med_2	521	355	897	2.810	0.286	0.110	0.018	4	0.4	109	108	32.7161	6.4285	9.9753	41.5900	31.6147	5.0892
sub-23698	ses-1	Schaefer2018_400Parcels_7Networks_order	lh	7Networks_LH_SalVentAttn_Med_3	479	307	660	2.614	0.358	0.094	0.015	2	0.3	110	109	33.6382	4.0536	19.4436	41.6914	22.2478	8.2983
sub-23698	ses-1	Schaefer2018_400Parcels_7Networks_order	lh	7Networks_LH_SalVentAttn_Med_4	491	339	1093	3.062	0.445	0.122	0.020	6	0.4	111	110	27.2383	6.7662	7.8420	40.3401	32.4981	4.0256
sub-23698	ses-1	Schaefer2018_400Parcels_7Networks_order	lh	7Networks_LH_SalVentAttn_Med_5	344	233	498	2.335	0.424	0.105	0.016	3	0.2	112	111	31.3842	5.4426	10.1646	39.9952	29.8306	5.7664
sub-23698	ses-1	Schaefer2018_400Parcels_7Networks_order	lh	7Networks_LH_SalVentAttn_Med_6	345	236	788	2.785	0.448	0.101	0.017	3	0.3	113	112	27.8224	5.1438	10.0472	36.8871	26.8399	5.4090
sub-23698	ses-1	Schaefer2018_400Parcels_7Networks_order	lh	7Networks_LH_SalVentAttn_Med_7	374	257	781	2.711	0.352	0.119	0.027	3	0.3	114	113	25.8333	6.4087	10.5902	39.3698	28.7796	4.0310
sub-23698	ses-1	Schaefer2018_400Parcels_7Networks_order	lh	7Networks_LH_Limbic_OFC_1	692	475	1345	2.741	0.437	0.124	0.020	11	0.5	115	114	28.5572	8.0858	2.5137	40.1728	37.6591	3.5318
sub-23698	ses-1	Schaefer2018_400Parcels_7Networks_order	lh	7Networks_LH_Limbic_OFC_2	844	582	1625	2.781	0.390	0.104	0.016	8	0.5	116	115	27.8280	8.6176	-1.6982	40.3489	42.0472	3.2292
sub-23698	ses-1	Schaefer2018_400Parcels_7Networks_order	lh	7Networks_LH_Limbic_OFC_3	1280	896	2918	2.885	0.592	0.121	0.020	28	1.2	117	116	30.0498	9.3580	-16.4781	50.3159	66.7940	3.2111
sub-23698	ses-1	Schaefer2018_400Parcels_7Networks_order	lh	7Networks_LH_Limbic_OFC_4	481	323	1055	2.857	0.404	0.100	0.024	7	0.4	118	117	27.0711	9.9314	-14.7291	47.0903	61.8194	2.7258
sub-23698	ses-1	Schaefer2018_400Parcels_7Networks_order	lh	7Networks_LH_Limbic_OFC_5	980	728	2265	2.718	0.430	0.147	0.032	20	1.3	119	118	30.2645	8.1525	-2.7319	47.2520	49.9839	3.7123
sub-23698	ses-1	Schaefer2018_400Parcels_7Networks_order	lh	7Networks_LH_Limbic_TempPole_1	895	634	2426	3.217	0.549	0.110	0.021	10	0.8	120	119	30.0544	7.1886	-16.8051	41.6689	58.4739	4.1808
sub-23698	ses-1	Schaefer2018_400Parcels_7Networks_order	lh	7Networks_LH_Limbic_TempPole_2	648	506	2222	3.466	0.895	0.153	0.048	13	1.3	121	120	25.9649	9.2684	0.0000	48.4479	48.4479	2.8014
sub-23698	ses-1	Schaefer2018_400Parcels_7Networks_order	lh	7Networks_LH_Limbic_TempPole_3	888	553	2074	2.949	0.868	0.103	0.017	9	0.7	122	121	26.4217	7.6525	0.0000	50.1123	50.1123	3.4527
sub-23698	ses-1	Schaefer2018_400Parcels_7Networks_order	lh	7Networks_LH_Limbic_TempPole_4	907	657	2126	2.914	0.427	0.118	0.022	14	0.7	123	122	29.0149	6.6097	-3.0267	45.2422	48.2689	4.3897
sub-23698	ses-1	Schaefer2018_400Parcels_7Networks_order	lh	7Networks_LH_Limbic_TempPole_5	855	545	1312	2.675	0.471	0.079	0.007	4	0.3	124	123	31.8310	2.4988	18.6262	39.2101	20.5840	12.7383
sub-23698	ses-1	Schaefer2018_400Parcels_7Networks_order	lh	7Networks_LH_Limbic_TempPole_6	1114	773	3660	3.680	0.626	0.119	0.024	11	1.1	125	124	29.7411	6.0565	11.9917	41.3945	29.4028	4.9106
sub-23698	ses-1	Schaefer2018_400Parcels_7Networks_order	lh	7Networks_LH_Limbic_TempPole_7	527	369	1794	4.332	1.070	0.116	0.030	5	0.5	126	125	27.5921	9.1549	-6.7378	42.8218	49.5596	3.0139
sub-23698	ses-1	Schaefer2018_400Parcels_7Networks_order	lh	7Networks_LH_Limbic_TempPole_8	413	244	988	3.377	0.873	0.090	0.011	2	0.2	127	126	25.4100	5.4226	0.0000	34.5406	34.5406	4.6860
sub-23698	ses-1	Schaefer2018_400Parcels_7Networks_order	lh	7Networks_LH_Cont_Par_1	336	238	578	2.234	0.278	0.105	0.015	3	0.2	128	127	27.8228	4.4489	15.4511	37.4404	21.9893	6.2539
sub-23698	ses-1	Schaefer2018_400Parcels_7Networks_order	lh	7Networks_LH_Cont_Par_2	424	288	927	3.041	0.542	0.116	0.018	4	0.4	129	128	31.1673	5.4782	17.4644	43.5646	26.1001	5.6893
sub-23698	ses-1	Schaefer2018_400Parcels_7Networks_order	lh	7Networks_LH_Cont_Par_3	636	433	1177	2.673	0.357	0.115	0.018	6	0.5	130	129	31.3543	3.7077	19.0196	42.5392	23.5195	8.4564
sub-23698	ses-1	Schaefer2018_400Parcels_7Networks_order	lh	7Networks_LH_Cont_Par_4	762	503	1053	2.458	0.254	0.109	0.018	5	0.7	131	130	31.7847	4.0811	13.7169	42.4639	28.7470	7.7883
sub-23698	ses-1	Schaefer2018_400Parcels_7Networks_order	lh	7Networks_LH_Cont_Par_5	506	346	980	2.479	0.421	0.098	0.011	5	0.3	132	131	27.7074	4.7087	14.0998	37.2284	23.1286	5.8843
sub-23698	ses-1	Schaefer2018_400Parcels_7Networks_order	lh	7Networks_LH_Cont_Par_6	613	399	1228	2.754	0.291	0.121	0.017	7	0.5	133	132	30.4282	4.9757	16.2786	41.5489	25.2703	6.1153
sub-23698	ses-1	Schaefer2018_400Parcels_7Networks_order	lh	7Networks_LH_Cont_Temp_1	567	389	1273	2.937	0.588	0.124	0.027	6	0.6	134	133	28.8985	6.1731	9.0172	43.4428	34.4256	4.6814
sub-23698	ses-1	Schaefer2018_400Parcels_7Networks_order	lh	7Networks_LH_Cont_OFC_1	479	339	1107	3.206	0.628	0.117	0.024	4	0.5	135	134	34.9146	6.1826	9.8721	48.2770	38.4048	5.6472
sub-23698	ses-1	Schaefer2018_400Parcels_7Networks_order	lh	7Networks_LH_Cont_PFCl_1	1286	833	2669	2.687	0.534	0.123	0.022	16	1.3	136	135	31.1124	6.3711	8.3270	46.0792	37.7522	4.8834
sub-23698	ses-1	Schaefer2018_400Parcels_7Networks_order	lh	7Networks_LH_Cont_PFCl_2	694	500	1342	2.731	0.423	0.129	0.027	8	0.8	137	136	31.9953	7.5219	2.8715	43.8681	40.9966	4.2536
sub-23698	ses-1	Schaefer2018_400Parcels_7Networks_order	lh	7Networks_LH_Cont_PFCl_3	771	559	1740	2.744	0.341	0.138	0.033	12	1.0	138	137	28.5615	8.2159	-1.5541	45.1900	46.7441	3.4764
sub-23698	ses-1	Schaefer2018_400Parcels_7Networks_order	lh	7Networks_LH_Cont_PFCl_4	521	364	853	2.459	0.382	0.132	0.031	6	0.7	139	138	31.5387	7.7658	-2.7847	45.7351	48.5198	4.0612
sub-23698	ses-1	Schaefer2018_400Parcels_7Networks_order	lh	7Networks_LH_Cont_PFCl_5	770	510	1190	2.539	0.316	0.099	0.019	5	0.5	140	139	34.2025	3.9914	13.4648	43.2058	29.7411	8.5690
sub-23698	ses-1	Schaefer2018_400Parcels_7Networks_order	lh	7Networks_LH_Cont_PFCl_6	1357	914	2731	2.692	0.315	0.105	0.018	14	1.1	141	140	31.0807	6.6808	7.3115	47.8692	40.5577	4.6522
sub-23698	ses-1	Schaefer2018_400Parcels_7Networks_order	lh	7Networks_LH_Cont_PFCl_7	498	314	612	2.662	0.252	0.083	0.009	2	0.2	142	141	35.4504	2.5982	24.6447	43.6314	18.9867	13.6442
sub-23698	ses-1	Schaefer2018_400Parcels_7Networks_order	lh	7Networks_LH_Cont_PFCl_8	380	259	859	2.661	0.376	0.122	0.026	5	0.4	143	142	29.9085	6.0573	16.4305	39.9761	23.5456	4.9376
sub-23698	ses-1	Schaefer2018_400Parcels_7Networks_order	lh	7Networks_LH_Cont_PFCv_1	251	167	595	3.333	0.759	0.098	0.016	1	0.2	144	143	27.6281	5.3952	13.1008	39.1365	26.0357	5.1209
sub-23698	ses-1	Schaefer2018_400Parcels_7Networks_order	lh	7Networks_LH_Cont_pCun_1	418	277	734	2.394	0.475	0.136	0.022	6	0.4	145	144	26.5728	5.2293	11.5547	39.6614	28.1068	5.0815
sub-23698	ses-1	Schaefer2018_400Parcels_7Networks_order	lh	7Networks_LH_Cont_pCun_2	396	277	683	2.532	0.408	0.129	0.019	6	0.4	146	145	30.2538	6.4006	11.5256	42.4745	30.9489	4.7267
sub-23698	ses-1	Schaefer2018_400Parcels_7Networks_order	lh	7Networks_LH_Cont_Cing_1	341	211	428	1.961	0.634	0.119	0.012	4	0.2	147	146	32.2735	4.9114	20.9389	45.1110	24.1721	6.5711
sub-23698	ses-1	Schaefer2018_400Parcels_7Networks_order	lh	7Networks_LH_Cont_Cing_2	351	216	338	1.601	0.547	0.121	0.018	6	0.3	148	147	24.2222	6.1954	0.0000	40.1554	40.1554	3.9097
sub-23698	ses-1	Schaefer2018_400Parcels_7Networks_order	lh	7Networks_LH_Cont_PFCmp_1	537	362	1317	3.389	0.513	0.119	0.021	6	0.4	149	148	30.4585	5.7716	14.8115	41.7738	26.9623	5.2773
sub-23698	ses-1	Schaefer2018_400Parcels_7Networks_order	lh	7Networks_LH_Default_Temp_1	756	496	1761	3.050	0.440	0.108	0.017	6	0.6	150	149	32.0770	4.0422	17.6625	40.8292	23.1667	7.9356
sub-23698	ses-1	Schaefer2018_400Parcels_7Networks_order	lh	7Networks_LH_Default_Temp_2	647	416	1452	3.076	0.655	0.098	0.014	5	0.4	151	150	31.2241	4.1728	16.4575	39.9134	23.4559	7.4828
sub-23698	ses-1	Schaefer2018_400Parcels_7Networks_order	lh	7Networks_LH_Default_Temp_3	955	697	2010	2.723	0.438	0.140	0.031	17	1.2	152	151	27.3897	7.6258	2.8092	43.9104	41.1012	3.5917
sub-23698	ses-1	Schaefer2018_400Parcels_7Networks_order	lh	7Networks_LH_Default_Temp_4	958	638	1961	2.843	0.497	0.109	0.020	11	0.7	153	152	30.3953	5.9081	-1.7083	39.6884	41.3967	5.1447
sub-23698	ses-1	Schaefer2018_400Parcels_7Networks_order	lh	7Networks_LH_Default_Temp_5	737	462	2063	3.454	0.488	0.089	0.013	6	0.4	154	153	28.9689	4.9764	15.0503	40.2841	25.2339	5.8213
sub-23698	ses-1	Schaefer2018_400Parcels_7Networks_order	lh	7Networks_LH_Default_Temp_6	970	624	2141	3.052	0.403	0.087	0.014	7	0.6	155	154	30.4804	5.5987	12.9448	39.9487	27.0039	5.4442
sub-23698	ses-1	Schaefer2018_400Parcels_7Networks_order	lh	7Networks_LH_Default_Temp_7	480	306	690	2.633	0.226	0.072	0.010	1	0.2	156	155	33.0542	1.8891	26.6568	37.6731	11.0163	17.4970
sub-23698	ses-1	Schaefer2018_400Parcels_7Networks_order	lh	7Networks_LH_Default_Temp_8	380	234	1000	3.203	0.359	0.122	0.019	5	0.3	157	156	26.0113	5.3317	15.0533	40.5327	25.4795	4.8786
sub-23698	ses-1	Schaefer2018_400Parcels_7Networks_order	lh	7Networks_LH_Default_Temp_9	612	375	1374	3.092	0.329	0.088	0.014	4	0.3	158	157	27.9061	4.2935	15.9686	35.5638	19.5953	6.4996
sub-23698	ses-1	Schaefer2018_400Parcels_7Networks_order	lh	7Networks_LH_Default_Temp_10	457	301	762	3.055	0.380	0.092	0.016	2	0.3	159	158	31.9909	2.9725	19.8665	40.2285	20.3620	10.7621
sub-23698	ses-1	Schaefer2018_400Parcels_7Networks_order	lh	7Networks_LH_Default_Par_1	567	373	1379	2.997	0.278	0.096	0.018	6	0.4	160	159	28.0283	5.4488	6.9748	38.1883	31.2135	5.1439
sub-23698	ses-1	Schaefer2018_400Parcels_7Networks_order	lh	7Networks_LH_Default_Par_2	568	389	783	2.636	0.271	0.129	0.023	5	0.6	161	160	31.0747	4.8636	5.4982	38.2658	32.7676	6.3892
sub-23698	ses-1	Schaefer2018_400Parcels_7Networks_order	lh	7Networks_LH_Default_Par_3	611	421	1217	2.520	0.262	0.116	0.018	7	0.5	162	161	27.5747	4.6637	13.6121	37.0851	23.4730	5.9127
sub-23698	ses-1	Schaefer2018_400Parcels_7Networks_order	lh	7Networks_LH_Default_Par_4	714	486	1497	2.890	0.367	0.113	0.016	7	0.6	163	162	29.6319	4.7032	16.5060	42.6124	26.1064	6.3003
sub-23698	ses-1	Schaefer2018_400Parcels_7Networks_order	lh	7Networks_LH_Default_Par_5	762	512	1402	2.705	0.511	0.116	0.022	7	0.7	164	163	31.1158	5.5555	8.4888	42.9086	34.4198	5.6009
sub-23698	ses-1	Schaefer2018_400Parcels_7Networks_order	lh	7Networks_LH_Default_Par_6	549	385	1239	2.831	0.350	0.148	0.028	11	0.7	165	164	28.2666	7.3294	11.0712	43.7738	32.7026	3.8566
sub-23698	ses-1	Schaefer2018_400Parcels_7Networks_order	lh	7Networks_LH_Default_Par_7	860	620	1858	2.567	0.393	0.152	0.029	16	1.0	166	165	28.1204	6.1425	7.5363	41.0016	33.4653	4.5780
sub-23698	ses-1	Schaefer2018_400Parcels_7Networks_order	lh	7Networks_LH_Default_PFC_1	709	454	1486	2.905	0.473	0.104	0.023	7	0.6	167	166	28.1943	6.3244	12.8331	44.3801	31.5471	4.4580
sub-23698	ses-1	Schaefer2018_400Parcels_7Networks_order	lh	7Networks_LH_Default_PFC_2	449	319	900	2.728	0.534	0.120	0.021	4	0.4	168	167	29.1078	4.4366	8.7292	39.8693	31.1400	6.5609
sub-23698	ses-1	Schaefer2018_400Parcels_7Networks_order	lh	7Networks_LH_Default_PFC_3	790	552	1509	2.554	0.347	0.128	0.024	13	0.7	169	168	32.1554	6.3471	0.6198	43.4102	42.7903	5.0662
sub-23698	ses-1	Schaefer2018_400Parcels_7Networks_order	lh	7Networks_LH_Default_PFC_4	930	591	1695	2.793	0.413	0.109	0.017	10	0.7	170	169	34.1597	5.2304	9.7748	47.2766	37.5018	6.5310
sub-23698	ses-1	Schaefer2018_400Parcels_7Networks_order	lh	7Networks_LH_Default_PFC_5	494	333	1373	3.121	0.329	0.130	0.024	6	0.5	171	170	26.9141	6.2767	11.5289	41.5946	30.0657	4.2880
sub-23698	ses-1	Schaefer2018_400Parcels_7Networks_order	lh	7Networks_LH_Default_PFC_6	659	427	1109	2.432	0.440	0.121	0.029	11	0.7	172	171	28.2480	7.7386	4.7485	43.9186	39.1702	3.6503
sub-23698	ses-1	Schaefer2018_400Parcels_7Networks_order	lh	7Networks_LH_Default_PFC_7	472	322	901	2.858	0.319	0.119	0.025	5	0.4	173	172	29.7307	6.0290	9.3936	39.6110	30.2175	4.9313
sub-23698	ses-1	Schaefer2018_400Parcels_7Networks_order	lh	7Networks_LH_Default_PFC_8	623	438	1333	2.746	0.521	0.106	0.020	7	0.4	174	173	34.1827	6.6332	8.8615	44.9633	36.1018	5.1533
sub-23698	ses-1	Schaefer2018_400Parcels_7Networks_order	lh	7Networks_LH_Default_PFC_9	849	585	1859	3.036	0.563	0.109	0.024	9	0.6	175	174	33.2104	7.2871	-4.7523	52.9695	57.7218	4.5574
sub-23698	ses-1	Schaefer2018_400Parcels_7Networks_order	lh	7Networks_LH_Default_PFC_10	427	284	1358	3.472	0.419	0.127	0.029	6	0.5	176	175	23.2959	7.4874	1.9388	38.6207	36.6819	3.1113
sub-23698	ses-1	Schaefer2018_400Parcels_7Networks_order	lh	7Networks_LH_Default_PFC_11	665	495	1802	2.917	0.404	0.141	0.032	12	0.9	177	176	30.0355	8.0114	6.5454	45.2673	38.7219	3.7491
sub-23698	ses-1	Schaefer2018_400Parcels_7Networks_order	lh	7Networks_LH_Default_PFC_12	735	505	1527	2.847	0.789	0.109	0.016	9	0.6	178	177	32.9071	6.8736	0.0000	48.3085	48.3085	4.7874
sub-23698	ses-1	Schaefer2018_400Parcels_7Networks_order	lh	7Networks_LH_Default_PFC_13	1060	718	3115	3.566	0.513	0.119	0.022	11	1.0	179	178	32.8171	5.9378	14.7028	45.5719	30.8691	5.5268
sub-23698	ses-1	Schaefer2018_400Parcels_7Networks_order	lh	7Networks_LH_Default_PFC_14	742	540	1685	2.868	0.311	0.113	0.021	7	0.6	180	179	33.7829	6.5547	9.0162	44.9835	35.9673	5.1540
sub-23698	ses-1	Schaefer2018_400Parcels_7Networks_order	lh	7Networks_LH_Default_PFC_15	509	345	950	2.563	0.388	0.111	0.020	5	0.4	181	180	33.4347	6.8563	-6.8034	46.9951	53.7985	4.8765
sub-23698	ses-1	Schaefer2018_400Parcels_7Networks_order	lh	7Networks_LH_Default_PFC_16	553	343	695	2.445	0.383	0.083	0.008	2	0.2	182	181	36.6558	2.5366	28.5356	44.0509	15.5153	14.4508
sub-23698	ses-1	Schaefer2018_400Parcels_7Networks_order	lh	7Networks_LH_Default_PFC_17	576	368	1401	2.978	0.387	0.103	0.013	5	0.3	183	182	28.7526	5.4691	15.2996	40.2361	24.9365	5.2573
sub-23698	ses-1	Schaefer2018_400Parcels_7Networks_order	lh	7Networks_LH_Default_PFC_18	420	278	1172	3.372	0.254	0.129	0.019	5	0.4	184	183	29.7168	6.9654	17.7121	44.7563	27.0442	4.2663
sub-23698	ses-1	Schaefer2018_400Parcels_7Networks_order	lh	7Networks_LH_Default_PFC_19	600	392	1224	2.843	0.470	0.087	0.016	4	0.4	185	184	32.8729	5.9577	12.8547	44.9443	32.0896	5.5177
sub-23698	ses-1	Schaefer2018_400Parcels_7Networks_order	lh	7Networks_LH_Default_PFC_20	446	294	1092	2.946	0.273	0.109	0.018	5	0.4	186	185	28.3095	6.9549	13.6955	45.0069	31.3113	4.0704
sub-23698	ses-1	Schaefer2018_400Parcels_7Networks_order	lh	7Networks_LH_Default_PFC_21	371	239	645	2.601	0.389	0.096	0.010	3	0.1	187	186	30.4621	5.4453	15.9838	39.5989	23.6151	5.5942
sub-23698	ses-1	Schaefer2018_400Parcels_7Networks_order	lh	7Networks_LH_Default_PFC_22	559	374	1126	2.792	0.389	0.085	0.011	3	0.3	188	187	32.2254	5.7319	17.7889	44.9161	27.1271	5.6221
sub-23698	ses-1	Schaefer2018_400Parcels_7Networks_order	lh	7Networks_LH_Default_PFC_23	582	414	1583	3.281	0.482	0.115	0.022	6	0.5	189	188	29.8553	5.9310	14.2019	43.6227	29.4208	5.0338
sub-23698	ses-1	Schaefer2018_400Parcels_7Networks_order	lh	7Networks_LH_Default_PFC_24	546	384	1589	3.374	0.404	0.138	0.023	6	0.5	190	189	25.0214	7.1110	-7.9865	41.8102	49.7967	3.5187
sub-23698	ses-1	Schaefer2018_400Parcels_7Networks_order	lh	7Networks_LH_Default_pCunPCC_1	346	238	805	2.979	0.583	0.141	0.032	6	0.5	191	190	23.1781	6.7586	5.4155	37.0210	31.6054	3.4294
sub-23698	ses-1	Schaefer2018_400Parcels_7Networks_order	lh	7Networks_LH_Default_pCunPCC_2	486	333	703	2.588	0.239	0.109	0.019	3	0.4	192	191	29.1026	3.0283	15.6030	35.2566	19.6536	9.6103
sub-23698	ses-1	Schaefer2018_400Parcels_7Networks_order	lh	7Networks_LH_Default_pCunPCC_3	377	259	896	2.910	0.633	0.104	0.019	4	0.3	193	192	27.3220	7.3091	0.9956	39.2442	38.2487	3.7381
sub-23698	ses-1	Schaefer2018_400Parcels_7Networks_order	lh	7Networks_LH_Default_pCunPCC_4	284	181	351	1.807	0.725	0.129	0.020	4	0.2	194	193	23.7018	5.9617	0.0000	37.8014	37.8014	3.9757
sub-23698	ses-1	Schaefer2018_400Parcels_7Networks_order	lh	7Networks_LH_Default_pCunPCC_5	510	336	903	2.304	0.361	0.112	0.021	6	0.5	195	194	24.6278	5.7954	8.4747	35.5837	27.1090	4.2495
sub-23698	ses-1	Schaefer2018_400Parcels_7Networks_order	lh	7Networks_LH_Default_pCunPCC_6	660	439	1289	2.716	0.370	0.123	0.022	9	0.5	196	195	27.8122	5.8893	8.9520	43.0383	34.0863	4.7225
sub-23698	ses-1	Schaefer2018_400Parcels_7Networks_order	lh	7Networks_LH_Default_pCunPCC_7	521	346	956	2.747	0.421	0.123	0.021	5	0.6	197	196	31.5293	5.7095	8.0786	40.1634	32.0848	5.5222
sub-23698	ses-1	Schaefer2018_400Parcels_7Networks_order	lh	7Networks_LH_Default_pCunPCC_8	269	203	707	3.007	0.506	0.139	0.027	6	0.2	198	197	25.3636	7.6844	-1.5040	39.3045	40.8085	3.3006
sub-23698	ses-1	Schaefer2018_400Parcels_7Networks_order	lh	7Networks_LH_Default_pCunPCC_9	202	139	533	3.037	0.366	0.101	0.023	3	0.2	199	198	31.9323	5.5390	19.0026	41.9967	22.9941	5.7650
sub-23698	ses-1	Schaefer2018_400Parcels_7Networks_order	lh	7Networks_LH_Default_pCunPCC_10	406	293	818	2.553	0.462	0.128	0.017	4	0.3	200	199	29.5525	4.7210	10.0152	39.4080	29.3928	6.2598
sub-23698	ses-1	Schaefer2018_400Parcels_7Networks_order	lh	7Networks_LH_Default_pCunPCC_11	566	377	1003	2.689	0.274	0.088	0.013	4	0.3	201	200	30.9983	5.6971	10.5095	39.4342	28.9248	5.4411
sub-23698	ses-1	Schaefer2018_400Parcels_7Networks_order	rh	Background+FreeSurfer_Defined_Medial_Wall	8497	5099	1781	0.320	0.882	0.073	0.017	43	5.1	1	0	2.1909	8.0122	-68.0888	61.4274	129.5162	0.2734
sub-23698	ses-1	Schaefer2018_400Parcels_7Networks_order	rh	7Networks_RH_Vis_1	588	375	1482	3.080	0.654	0.128	0.032	9	0.8	2	1	22.7740	6.4956	3.6901	37.4720	33.7819	3.5061
sub-23698	ses-1	Schaefer2018_400Parcels_7Networks_order	rh	7Networks_RH_Vis_2	481	329	841	2.971	0.575	0.096	0.013	2	0.3	3	2	28.4518	3.0692	18.3505	37.5970	19.2465	9.2700
sub-23698	ses-1	Schaefer2018_400Parcels_7Networks_order	rh	7Networks_RH_Vis_3	415	288	982	3.372	0.640	0.141	0.021	6	0.4	4	3	27.2845	6.5708	9.9411	38.6183	28.6772	4.1524
sub-23698	ses-1	Schaefer2018_400Parcels_7Networks_order	rh	7Networks_RH_Vis_4	738	493	1421	2.754	0.466	0.109	0.021	6	0.6	5	4	25.8697	4.3449	9.0039	34.3794	25.3755	5.9540
sub-23698	ses-1	Schaefer2018_400Parcels_7Networks_order	rh	7Networks_RH_Vis_5	820	519	1529	2.936	0.434	0.100	0.016	7	0.5	6	5	25.9618	4.5212	9.6093	35.3849	25.7756	5.7422
sub-23698	ses-1	Schaefer2018_400Parcels_7Networks_order	rh	7Networks_RH_Vis_6	1411	976	2710	2.534	0.479	0.128	0.027	17	1.5	7	6	23.5695	5.1244	0.3907	35.0376	34.6470	4.5995
sub-23698	ses-1	Schaefer2018_400Parcels_7Networks_order	rh	7Networks_RH_Vis_7	247	136	505	2.826	0.704	0.105	0.017	4	0.1	8	7	19.4017	4.4424	9.4465	30.6077	21.1612	4.3674
sub-23698	ses-1	Schaefer2018_400Parcels_7Networks_order	rh	7Networks_RH_Vis_8	813	557	1091	2.220	0.437	0.132	0.030	8	1.1	9	8	23.5874	4.2807	7.6798	36.2344	28.5546	5.5102
sub-23698	ses-1	Schaefer2018_400Parcels_7Networks_order	rh	7Networks_RH_Vis_9	1050	678	1926	2.896	0.385	0.119	0.024	9	1.1	10	9	29.3720	4.7949	10.2716	38.7671	28.4955	6.1256
sub-23698	ses-1	Schaefer2018_400Parcels_7Networks_order	rh	7Networks_RH_Vis_10	468	317	1024	2.859	0.583	0.116	0.023	5	0.5	11	10	23.8200	6.5661	4.6491	35.4790	30.8299	3.6277
sub-23698	ses-1	Schaefer2018_400Parcels_7Networks_order	rh	7Networks_RH_Vis_11	867	608	882	1.567	0.538	0.156	0.035	12	1.3	12	11	19.2525	4.5124	6.7966	29.3714	22.5747	4.2665
sub-23698	ses-1	Schaefer2018_400Parcels_7Networks_order	rh	7Networks_RH_Vis_12	733	510	1102	2.247	0.968	0.144	0.033	10	1.1	13	12	19.5420	6.5833	-2.0032	33.7026	35.7058	2.9684
sub-23698	ses-1	Schaefer2018_400Parcels_7Networks_order	rh	7Networks_RH_Vis_13	1061	641	1455	2.054	0.463	0.129	0.023	11	1.1	14	13	20.2868	5.6680	-0.6266	36.2928	36.9193	3.5792
sub-23698	ses-1	Schaefer2018_400Parcels_7Networks_order	rh	7Networks_RH_Vis_14	458	295	590	2.113	0.468	0.091	0.013	3	0.2	15	14	21.5137	4.0193	8.1857	29.8005	21.6148	5.3526
sub-23698	ses-1	Schaefer2018_400Parcels_7Networks_order	rh	7Networks_RH_Vis_15	1368	911	1622	1.704	0.689	0.130	0.030	15	1.8	16	15	17.2336	6.6626	-0.2276	42.3209	42.5485	2.5866
sub-23698	ses-1	Schaefer2018_400Parcels_7Networks_order	rh	7Networks_RH_Vis_16	845	564	1455	2.639	0.366	0.110	0.017	8	0.6	17	16	26.8221	4.1762	13.1371	38.1288	24.9917	6.4226
sub-23698	ses-1	Schaefer2018_400Parcels_7Networks_order	rh	7Networks_RH_Vis_17	218	136	313	2.400	0.506	0.104	0.017	2	0.2	18	17	24.2109	6.8360	6.6043	34.2590	27.6547	3.5417
sub-23698	ses-1	Schaefer2018_400Parcels_7Networks_order	rh	7Networks_RH_Vis_18	658	430	944	2.432	0.287	0.127	0.029	6	0.8	19	18	26.4150	5.0166	10.8775	37.8089	26.9314	5.2655
sub-23698	ses-1	Schaefer2018_400Parcels_7Networks_order	rh	7Networks_RH_Vis_19	1211	819	1145	1.565	0.558	0.122	0.027	11	1.4	20	19	15.5486	5.1556	-0.7444	29.4407	30.1851	3.0159
sub-23698	ses-1	Schaefer2018_400Parcels_7Networks_order	rh	7Networks_RH_Vis_20	714	504	792	2.009	0.604	0.142	0.035	8	1.0	21	20	14.6353	12.6731	-69.5378	31.2958	100.8335	1.1548
sub-23698	ses-1	Schaefer2018_400Parcels_7Networks_order	rh	7Networks_RH_Vis_21	470	310	541	1.831	0.320	0.128	0.028	5	0.5	22	21	22.0495	5.4156	10.6862	34.8572	24.1710	4.0715
sub-23698	ses-1	Schaefer2018_400Parcels_7Networks_order	rh	7Networks_RH_Vis_22	638	416	1074	2.509	0.212	0.100	0.014	5	0.4	23	22	27.5295	4.9774	14.3115	36.2941	21.9825	5.5309
sub-23698	ses-1	Schaefer2018_400Parcels_7Networks_order	rh	7Networks_RH_Vis_23	732	504	718	1.573	0.438	0.151	0.033	9	1.0	24	23	21.9487	4.0883	7.8930	32.0461	24.1530	5.3686
sub-23698	ses-1	Schaefer2018_400Parcels_7Networks_order	rh	7Networks_RH_Vis_24	622	436	681	1.781	0.346	0.133	0.021	6	0.6	25	24	20.7131	4.1823	10.6212	33.6048	22.9836	4.9526
sub-23698	ses-1	Schaefer2018_400Parcels_7Networks_order	rh	7Networks_RH_Vis_25	589	414	491	1.342	0.304	0.138	0.033	8	0.8	26	25	19.0215	5.9071	-3.4211	32.0512	35.4723	3.2201
sub-23698	ses-1	Schaefer2018_400Parcels_7Networks_order	rh	7Networks_RH_Vis_26	695	479	1243	2.452	0.420	0.137	0.025	9	0.7	27	26	25.4561	6.3952	7.1146	39.4152	32.3006	3.9805
sub-23698	ses-1	Schaefer2018_400Parcels_7Networks_order	rh	7Networks_RH_Vis_27	352	240	698	2.716	0.370	0.109	0.018	3	0.2	28	27	29.1708	5.1204	13.7651	40.2878	26.5227	5.6970
sub-23698	ses-1	Schaefer2018_400Parcels_7Networks_order	rh	7Networks_RH_Vis_28	434	291	570	2.064	0.355	0.106	0.014	3	0.3	29	28	23.3333	4.0290	9.4371	36.1000	26.6629	5.7913
sub-23698	ses-1	Schaefer2018_400Parcels_7Networks_order	rh	7Networks_RH_Vis_29	677	447	1185	2.331	0.450	0.120	0.023	6	0.6	30	29	24.7647	5.0428	10.1465	37.1534	27.0070	4.9109
sub-23698	ses-1	Schaefer2018_400Parcels_7Networks_order	rh	7Networks_RH_Vis_30	406	276	742	2.303	0.319	0.115	0.017	5	0.3	31	30	27.1014	4.7673	13.5872	36.4367	22.8496	5.6849
sub-23698	ses-1	Schaefer2018_400Parcels_7Networks_order	rh	7Networks_RH_SomMot_1	721	464	1804	3.176	0.559	0.100	0.017	7	0.5	32	31	25.4475	5.5392	11.1063	37.6045	26.4982	4.5941
sub-23698	ses-1	Schaefer2018_400Parcels_7Networks_order	rh	7Networks_RH_SomMot_2	754	472	1958	3.363	0.447	0.082	0.014	5	0.4	33	32	28.5686	5.0335	11.7533	41.2468	29.4936	5.6757
sub-23698	ses-1	Schaefer2018_400Parcels_7Networks_order	rh	7Networks_RH_SomMot_3	671	450	1434	3.169	0.467	0.107	0.014	6	0.4	34	33	25.1741	5.8421	10.2491	39.9714	29.7223	4.3091
sub-23698	ses-1	Schaefer2018_400Parcels_7Networks_order	rh	7Networks_RH_SomMot_4	368	248	631	3.065	0.607	0.072	0.011	2	0.2	35	34	24.3144	3.1647	7.5720	31.7999	24.2279	7.6829
sub-23698	ses-1	Schaefer2018_400Parcels_7Networks_order	rh	7Networks_RH_SomMot_5	295	199	554	3.038	0.239	0.108	0.023	2	0.3	36	35	26.4360	5.3427	7.9291	35.4564	27.5274	4.9481
sub-23698	ses-1	Schaefer2018_400Parcels_7Networks_order	rh	7Networks_RH_SomMot_6	309	209	548	3.093	0.390	0.105	0.016	2	0.2	37	36	25.1527	4.1808	15.8459	35.1848	19.3390	6.0163
sub-23698	ses-1	Schaefer2018_400Parcels_7Networks_order	rh	7Networks_RH_SomMot_7	551	349	1143	3.211	0.265	0.089	0.012	3	0.3	38	37	28.4602	4.0738	15.4480	39.0291	23.5811	6.9862
sub-23698	ses-1	Schaefer2018_400Parcels_7Networks_order	rh	7Networks_RH_SomMot_8	502	332	1227	3.171	0.295	0.114	0.016	4	0.4	39	38	27.5623	4.1790	9.8090	36.1322	26.3232	6.5954
sub-23698	ses-1	Schaefer2018_400Parcels_7Networks_order	rh	7Networks_RH_SomMot_9	258	174	412	2.892	0.287	0.118	0.020	3	0.2	40	39	26.4535	4.9718	12.8507	37.7197	24.8690	5.3207
sub-23698	ses-1	Schaefer2018_400Parcels_7Networks_order	rh	7Networks_RH_SomMot_10	526	344	777	3.024	0.300	0.105	0.017	3	0.4	41	40	27.6849	4.2762	11.1353	34.3548	23.2195	6.4742
sub-23698	ses-1	Schaefer2018_400Parcels_7Networks_order	rh	7Networks_RH_SomMot_11	314	204	634	3.087	0.152	0.107	0.016	3	0.2	42	41	27.2059	5.8741	9.0272	37.8389	28.8117	4.6315
sub-23698	ses-1	Schaefer2018_400Parcels_7Networks_order	rh	7Networks_RH_SomMot_12	533	363	1069	2.747	0.354	0.128	0.030	6	0.7	43	42	24.4166	5.7424	5.5039	35.3228	29.8189	4.2520
sub-23698	ses-1	Schaefer2018_400Parcels_7Networks_order	rh	7Networks_RH_SomMot_13	214	148	418	3.096	0.365	0.106	0.013	1	0.2	44	43	29.4074	6.2824	12.7769	37.9382	25.1613	4.6809
sub-23698	ses-1	Schaefer2018_400Parcels_7Networks_order	rh	7Networks_RH_SomMot_14	306	199	758	3.130	0.238	0.108	0.019	3	0.2	45	44	27.0515	4.9546	15.1307	36.2496	21.1189	5.4599
sub-23698	ses-1	Schaefer2018_400Parcels_7Networks_order	rh	7Networks_RH_SomMot_15	209	131	602	3.223	0.196	0.107	0.014	2	0.1	46	45	22.7740	3.5876	17.5120	34.0053	16.4933	6.3481
sub-23698	ses-1	Schaefer2018_400Parcels_7Networks_order	rh	7Networks_RH_SomMot_16	958	608	1529	2.334	0.577	0.099	0.016	8	0.6	47	46	22.5513	4.3723	0.9168	37.3051	36.3883	5.1577
sub-23698	ses-1	Schaefer2018_400Parcels_7Networks_order	rh	7Networks_RH_SomMot_17	434	292	779	3.057	0.505	0.125	0.023	4	0.5	48	47	30.7699	5.9031	14.7210	41.7667	27.0456	5.2125
sub-23698	ses-1	Schaefer2018_400Parcels_7Networks_order	rh	7Networks_RH_SomMot_18	435	275	725	2.579	0.468	0.073	0.008	2	0.2	49	48	22.2707	3.5874	15.5855	33.5178	17.9323	6.2080
sub-23698	ses-1	Schaefer2018_400Parcels_7Networks_order	rh	7Networks_RH_SomMot_19	323	209	506	2.520	0.394	0.098	0.016	2	0.2	50	49	28.1454	6.1847	12.9838	40.5968	27.6130	4.5508
sub-23698	ses-1	Schaefer2018_400Parcels_7Networks_order	rh	7Networks_RH_SomMot_20	332	228	497	2.745	0.258	0.120	0.023	2	0.4	51	50	31.0990	7.1833	-1.5219	44.3399	45.8618	4.3293
sub-23698	ses-1	Schaefer2018_400Parcels_7Networks_order	rh	7Networks_RH_SomMot_21	400	245	492	1.739	0.371	0.100	0.018	3	0.3	52	51	19.7701	5.5746	9.1670	30.4174	21.2504	3.5465
sub-23698	ses-1	Schaefer2018_400Parcels_7Networks_order	rh	7Networks_RH_SomMot_22	417	271	615	2.687	0.453	0.097	0.015	2	0.3	53	52	23.1851	3.0264	12.9227	32.0353	19.1126	7.6609
sub-23698	ses-1	Schaefer2018_400Parcels_7Networks_order	rh	7Networks_RH_SomMot_23	574	359	1012	2.394	0.287	0.080	0.009	2	0.2	54	53	24.3998	3.5940	14.4763	32.1443	17.6680	6.7891
sub-23698	ses-1	Schaefer2018_400Parcels_7Networks_order	rh	7Networks_RH_SomMot_24	460	292	1159	3.345	0.441	0.105	0.018	3	0.4	55	54	24.6457	5.8136	12.3293	36.6148	24.2855	4.2393
sub-23698	ses-1	Schaefer2018_400Parcels_7Networks_order	rh	7Networks_RH_SomMot_25	427	266	405	1.619	0.391	0.098	0.024	3	0.3	56	55	21.0020	4.0527	9.8284	29.9780	20.1495	5.1823
sub-23698	ses-1	Schaefer2018_400Parcels_7Networks_order	rh	7Networks_RH_SomMot_26	638	378	967	2.336	0.703	0.103	0.026	3	0.7	57	56	14.8044	4.1674	1.7797	28.8535	27.0738	3.5524
sub-23698	ses-1	Schaefer2018_400Parcels_7Networks_order	rh	7Networks_RH_SomMot_27	364	222	567	2.366	0.276	0.099	0.018	2	0.3	58	57	23.6227	4.6841	9.4244	36.2955	26.8711	5.0432
sub-23698	ses-1	Schaefer2018_400Parcels_7Networks_order	rh	7Networks_RH_SomMot_28	352	249	600	2.250	0.267	0.135	0.033	5	0.4	59	58	25.0101	5.5310	11.8796	37.5563	25.6766	4.5218
sub-23698	ses-1	Schaefer2018_400Parcels_7Networks_order	rh	7Networks_RH_SomMot_29	385	240	392	1.683	0.462	0.082	0.013	2	0.2	60	59	22.4212	4.3343	9.5311	33.0040	23.4728	5.1730
sub-23698	ses-1	Schaefer2018_400Parcels_7Networks_order	rh	7Networks_RH_SomMot_30	414	261	765	2.682	0.435	0.115	0.029	4	0.3	61	60	20.9962	6.1545	-37.7628	37.9841	75.7469	3.4115
sub-23698	ses-1	Schaefer2018_400Parcels_7Networks_order	rh	7Networks_RH_SomMot_31	375	233	628	2.715	0.395	0.085	0.011	2	0.2	62	61	26.0843	3.9841	15.6323	36.1805	20.5483	6.5472
sub-23698	ses-1	Schaefer2018_400Parcels_7Networks_order	rh	7Networks_RH_SomMot_32	502	322	692	2.081	0.452	0.109	0.022	5	0.4	63	62	22.6515	5.8771	2.4331	32.6838	30.2507	3.8542
sub-23698	ses-1	Schaefer2018_400Parcels_7Networks_order	rh	7Networks_RH_SomMot_33	279	195	435	2.709	0.359	0.082	0.011	1	0.1	64	63	20.1655	4.3396	7.6942	31.6478	23.9536	4.6469
sub-23698	ses-1	Schaefer2018_400Parcels_7Networks_order	rh	7Networks_RH_SomMot_34	371	237	323	1.517	0.305	0.089	0.013	2	0.2	65	64	23.6917	4.4980	12.4963	33.4298	20.9335	5.2672
sub-23698	ses-1	Schaefer2018_400Parcels_7Networks_order	rh	7Networks_RH_SomMot_35	363	235	501	2.047	0.284	0.131	0.025	4	0.3	66	65	24.8109	6.0168	9.4970	39.5457	30.0487	4.1236
sub-23698	ses-1	Schaefer2018_400Parcels_7Networks_order	rh	7Networks_RH_SomMot_36	197	123	328	2.718	0.354	0.119	0.026	2	0.2	67	66	26.3211	5.2246	16.1274	38.4454	22.3180	5.0379
sub-23698	ses-1	Schaefer2018_400Parcels_7Networks_order	rh	7Networks_RH_SomMot_37	384	262	609	2.300	0.220	0.104	0.017	3	0.3	68	67	28.5806	5.9485	12.5011	41.6369	29.1358	4.8047
sub-23698	ses-1	Schaefer2018_400Parcels_7Networks_order	rh	7Networks_RH_SomMot_38	631	322	1041	2.619	0.592	0.082	0.018	3	0.5	69	68	18.3210	5.7165	2.5209	34.4690	31.9481	3.2049
sub-23698	ses-1	Schaefer2018_400Parcels_7Networks_order	rh	7Networks_RH_SomMot_39	421	223	788	2.797	0.693	0.098	0.020	3	0.3	70	69	17.3460	5.6770	5.0497	35.2678	30.2181	3.0555
sub-23698	ses-1	Schaefer2018_400Parcels_7Networks_order	rh	7Networks_RH_SomMot_40	341	206	449	1.967	0.466	0.117	0.023	3	0.4	71	70	19.6245	5.5707	7.8800	31.4016	23.5216	3.5228
sub-23698	ses-1	Schaefer2018_400Parcels_7Networks_order	rh	7Networks_RH_DorsAttn_Post_1	1192	783	2614	2.953	0.476	0.109	0.019	12	0.9	72	71	27.0866	6.3944	6.5493	38.1958	31.6465	4.2360
sub-23698	ses-1	Schaefer2018_400Parcels_7Networks_order	rh	7Networks_RH_DorsAttn_Post_2	592	395	1335	2.889	0.303	0.106	0.017	6	0.4	73	72	28.6320	5.4948	9.9937	37.6869	27.6933	5.2108
sub-23698	ses-1	Schaefer2018_400Parcels_7Networks_order	rh	7Networks_RH_DorsAttn_Post_3	479	318	733	2.820	0.274	0.106	0.018	3	0.4	74	73	30.4893	3.2562	16.2253	38.1070	21.8816	9.3633
sub-23698	ses-1	Schaefer2018_400Parcels_7Networks_order	rh	7Networks_RH_DorsAttn_Post_4	363	292	930	2.766	0.375	0.151	0.033	7	0.4	75	74	24.7179	6.9451	1.0075	38.4538	37.4462	3.5591
sub-23698	ses-1	Schaefer2018_400Parcels_7Networks_order	rh	7Networks_RH_DorsAttn_Post_5	391	247	432	2.373	0.209	0.099	0.017	2	0.3	76	75	33.3130	2.4518	24.1025	41.2784	17.1759	13.5871
sub-23698	ses-1	Schaefer2018_400Parcels_7Networks_order	rh	7Networks_RH_DorsAttn_Post_6	304	207	607	2.710	0.191	0.089	0.011	2	0.2	77	76	29.8037	4.3444	17.7717	36.2959	18.5242	6.8602
sub-23698	ses-1	Schaefer2018_400Parcels_7Networks_order	rh	7Networks_RH_DorsAttn_Post_7	418	283	567	2.078	0.261	0.114	0.020	4	0.4	78	77	25.6279	5.4062	8.0155	35.8619	27.8464	4.7404
sub-23698	ses-1	Schaefer2018_400Parcels_7Networks_order	rh	7Networks_RH_DorsAttn_Post_8	328	209	479	2.686	0.234	0.106	0.014	3	0.2	79	78	32.7504	4.4341	19.1402	41.2133	22.0730	7.3861
sub-23698	ses-1	Schaefer2018_400Parcels_7Networks_order	rh	7Networks_RH_DorsAttn_Post_9	490	311	627	2.589	0.252	0.092	0.018	2	0.4	80	79	32.0927	3.9547	18.3207	41.2154	22.8948	8.1152
sub-23698	ses-1	Schaefer2018_400Parcels_7Networks_order	rh	7Networks_RH_DorsAttn_Post_10	328	232	627	2.345	0.228	0.097	0.014	4	0.2	81	80	29.0363	5.1902	11.1820	40.1887	29.0067	5.5944
sub-23698	ses-1	Schaefer2018_400Parcels_7Networks_order	rh	7Networks_RH_DorsAttn_Post_11	359	236	468	2.371	0.227	0.111	0.026	3	0.3	82	81	31.9452	3.7910	21.4012	40.7315	19.3303	8.4266
sub-23698	ses-1	Schaefer2018_400Parcels_7Networks_order	rh	7Networks_RH_DorsAttn_Post_12	724	481	1132	2.337	0.314	0.105	0.019	6	0.6	83	82	30.5870	4.7237	14.5598	43.3437	28.7839	6.4752
sub-23698	ses-1	Schaefer2018_400Parcels_7Networks_order	rh	7Networks_RH_DorsAttn_Post_13	472	317	725	2.575	0.295	0.100	0.017	4	0.3	84	83	31.0212	5.5170	13.6914	43.0673	29.3759	5.6228
sub-23698	ses-1	Schaefer2018_400Parcels_7Networks_order	rh	7Networks_RH_DorsAttn_Post_14	608	389	916	2.446	0.243	0.079	0.010	2	0.3	85	84	30.0953	3.8617	16.6180	38.0913	21.4733	7.7934
sub-23698	ses-1	Schaefer2018_400Parcels_7Networks_order	rh	7Networks_RH_DorsAttn_Post_15	465	313	992	2.793	0.353	0.141	0.024	6	0.5	86	85	27.7615	5.8864	13.9814	42.8303	28.8490	4.7162
sub-23698	ses-1	Schaefer2018_400Parcels_7Networks_order	rh	7Networks_RH_DorsAttn_Post_16	627	440	1188	2.411	0.316	0.132	0.031	9	0.7	87	86	26.7563	5.8178	-3.6379	41.9130	45.5509	4.5991
sub-23698	ses-1	Schaefer2018_400Parcels_7Networks_order	rh	7Networks_RH_DorsAttn_Post_17	637	436	1325	2.722	0.360	0.136	0.025	9	0.6	88	87	28.9992	5.9456	6.5478	41.7135	35.1657	4.8774
sub-23698	ses-1	Schaefer2018_400Parcels_7Networks_order	rh	7Networks_RH_DorsAttn_Post_18	415	275	738	2.501	0.401	0.138	0.024	6	0.4	89	88	31.1103	5.1810	18.9964	46.0108	27.0145	6.0047
sub-23698	ses-1	Schaefer2018_400Parcels_7Networks_order	rh	7Networks_RH_DorsAttn_Post_19	651	449	1119	2.427	0.349	0.134	0.024	7	0.8	90	89	30.1086	4.6319	15.8681	42.9884	27.1203	6.5003
sub-23698	ses-1	Schaefer2018_400Parcels_7Networks_order	rh	7Networks_RH_DorsAttn_FEF_1	421	266	902	2.761	0.288	0.122	0.019	5	0.3	91	90	22.5943	4.0537	13.0042	33.8141	20.8099	5.5737
sub-23698	ses-1	Schaefer2018_400Parcels_7Networks_order	rh	7Networks_RH_DorsAttn_FEF_2	315	204	384	2.410	0.315	0.130	0.030	3	0.4	92	91	30.8371	4.9306	10.9343	39.9567	29.0224	6.2543
sub-23698	ses-1	Schaefer2018_400Parcels_7Networks_order	rh	7Networks_RH_DorsAttn_FEF_3	230	153	433	2.594	0.333	0.132	0.023	3	0.2	93	92	25.6059	6.3130	12.9462	37.2565	24.3102	4.0560
sub-23698	ses-1	Schaefer2018_400Parcels_7Networks_order	rh	7Networks_RH_DorsAttn_PrCv_1	737	484	1268	2.718	0.297	0.089	0.015	5	0.5	94	93	30.8086	5.4440	9.8577	40.3131	30.4554	5.6592
sub-23698	ses-1	Schaefer2018_400Parcels_7Networks_order	rh	7Networks_RH_SalVentAttn_TempOccPar_1	424	283	1013	3.074	0.244	0.096	0.013	4	0.2	95	94	29.5821	5.6642	14.9702	41.1253	26.1551	5.2226
sub-23698	ses-1	Schaefer2018_400Parcels_7Networks_order	rh	7Networks_RH_SalVentAttn_TempOccPar_2	377	247	597	2.994	0.341	0.096	0.021	2	0.3	96	95	31.4463	2.1116	24.3765	37.0041	12.6277	14.8920
sub-23698	ses-1	Schaefer2018_400Parcels_7Networks_order	rh	7Networks_RH_SalVentAttn_TempOccPar_3	521	373	1248	2.930	0.367	0.134	0.025	10	0.5	97	96	27.4468	6.9141	12.3615	43.5517	31.1902	3.9697
sub-23698	ses-1	Schaefer2018_400Parcels_7Networks_order	rh	7Networks_RH_SalVentAttn_TempOccPar_4	703	475	1381	2.981	0.323	0.100	0.020	5	0.5	98	97	29.0496	6.0785	9.9735	38.7482	28.7747	4.7791
sub-23698	ses-1	Schaefer2018_400Parcels_7Networks_order	rh	7Networks_RH_SalVentAttn_TempOccPar_5	410	273	1035	3.051	0.373	0.132	0.026	5	0.5	99	98	28.1617	5.1031	17.3371	39.5581	22.2210	5.5185
sub-23698	ses-1	Schaefer2018_400Parcels_7Networks_order	rh	7Networks_RH_SalVentAttn_TempOccPar_6	532	356	1055	2.713	0.299	0.113	0.024	6	0.5	100	99	30.5118	6.3337	10.9225	40.6308	29.7083	4.8174
sub-23698	ses-1	Schaefer2018_400Parcels_7Networks_order	rh	7Networks_RH_SalVentAttn_TempOccPar_7	935	660	1710	2.529	0.467	0.103	0.014	9	0.6	101	100	31.2792	7.1964	-1.2506	45.8503	47.1009	4.3465
sub-23698	ses-1	Schaefer2018_400Parcels_7Networks_order	rh	7Networks_RH_SalVentAttn_PrC_1	539	343	1010	2.702	0.343	0.105	0.016	5	0.4	102	101	29.0502	5.4101	12.8695	41.6469	28.7773	5.3696
sub-23698	ses-1	Schaefer2018_400Parcels_7Networks_order	rh	7Networks_RH_SalVentAttn_FrOperIns_1	515	316	1017	3.653	0.762	0.066	0.011	1	0.2	103	102	31.7069	5.3280	15.2747	41.7823	26.5075	5.9510
sub-23698	ses-1	Schaefer2018_400Parcels_7Networks_order	rh	7Networks_RH_SalVentAttn_FrOperIns_2	367	265	1161	3.676	0.480	0.113	0.023	6	0.4	104	103	21.1856	7.9585	-0.6893	36.0718	36.7611	2.6620
sub-23698	ses-1	Schaefer2018_400Parcels_7Networks_order	rh	7Networks_RH_SalVentAttn_FrOperIns_3	512	332	1117	3.864	0.785	0.075	0.015	2	0.2	105	104	22.9764	9.1719	-7.0361	39.5388	46.5749	2.5051
sub-23698	ses-1	Schaefer2018_400Parcels_7Networks_order	rh	7Networks_RH_SalVentAttn_FrOperIns_4	323	211	768	3.449	0.474	0.092	0.023	4	0.3	106	105	24.9748	6.3843	5.5540	33.8991	28.3450	3.9119
sub-23698	ses-1	Schaefer2018_400Parcels_7Networks_order	rh	7Networks_RH_SalVentAttn_FrOperIns_5	842	538	1403	3.050	0.362	0.096	0.014	4	0.5	107	106	33.2951	4.3803	12.9874	40.9774	27.9900	7.6011
sub-23698	ses-1	Schaefer2018_400Parcels_7Networks_order	rh	7Networks_RH_SalVentAttn_FrOperIns_6	394	250	565	2.916	0.255	0.087	0.015	1	0.2	108	107	31.7952	2.0807	26.6072	36.7397	10.1325	15.2814
sub-23698	ses-1	Schaefer2018_400Parcels_7Networks_order	rh	7Networks_RH_SalVentAttn_FrOperIns_7	602	406	1519	3.256	0.316	0.105	0.016	5	0.4	109	108	27.4785	4.1544	12.1092	36.7171	24.6079	6.6144
sub-23698	ses-1	Schaefer2018_400Parcels_7Networks_order	rh	7Networks_RH_SalVentAttn_FrOperIns_8	630	458	1342	2.736	0.545	0.120	0.022	9	0.6	110	109	28.8717	8.0346	-1.4523	41.6043	43.0566	3.5934
sub-23698	ses-1	Schaefer2018_400Parcels_7Networks_order	rh	7Networks_RH_SalVentAttn_PFCl_1	1314	913	2670	2.657	0.382	0.109	0.019	17	1.0	111	110	32.5035	6.3789	6.3354	44.2119	37.8765	5.0955
sub-23698	ses-1	Schaefer2018_400Parcels_7Networks_order	rh	7Networks_RH_SalVentAttn_Med_1	809	564	1775	3.077	0.378	0.110	0.020	8	0.8	112	111	32.2936	7.0467	2.1730	44.8640	42.6910	4.5828
sub-23698	ses-1	Schaefer2018_400Parcels_7Networks_order	rh	7Networks_RH_SalVentAttn_Med_2	454	315	928	2.930	0.321	0.107	0.023	3	0.4	113	112	32.2512	5.2849	14.8309	44.4382	29.6073	6.1025
sub-23698	ses-1	Schaefer2018_400Parcels_7Networks_order	rh	7Networks_RH_SalVentAttn_Med_3	442	296	551	2.366	0.357	0.131	0.025	5	0.5	114	113	31.6190	6.1456	8.8303	42.3824	33.5521	5.1450
sub-23698	ses-1	Schaefer2018_400Parcels_7Networks_order	rh	7Networks_RH_SalVentAttn_Med_4	325	217	835	3.478	0.463	0.091	0.015	2	0.2	115	114	32.7026	5.2996	17.9285	44.0959	26.1675	6.1708
sub-23698	ses-1	Schaefer2018_400Parcels_7Networks_order	rh	7Networks_RH_SalVentAttn_Med_5	376	272	775	2.629	0.316	0.130	0.023	5	0.4	116	115	26.6500	6.8941	6.9792	38.1322	31.1530	3.8656
sub-23698	ses-1	Schaefer2018_400Parcels_7Networks_order	rh	7Networks_RH_SalVentAttn_Med_6	348	218	671	2.849	0.393	0.088	0.015	2	0.2	117	116	27.5353	5.5546	10.7865	37.2821	26.4956	4.9572
sub-23698	ses-1	Schaefer2018_400Parcels_7Networks_order	rh	7Networks_RH_SalVentAttn_Med_7	484	323	1043	3.052	0.472	0.108	0.018	4	0.4	118	117	28.3862	5.0795	17.0928	40.8209	23.7281	5.5883
sub-23698	ses-1	Schaefer2018_400Parcels_7Networks_order	rh	7Networks_RH_SalVentAttn_Med_8	260	178	701	3.215	0.455	0.145	0.027	4	0.3	119	118	25.2304	5.5970	15.6411	36.4153	20.7743	4.5078
sub-23698	ses-1	Schaefer2018_400Parcels_7Networks_order	rh	7Networks_RH_Limbic_OFC_1	541	367	1094	2.963	0.662	0.131	0.024	9	0.6	120	119	31.7537	9.8304	-4.1308	48.4910	52.6218	3.2302
sub-23698	ses-1	Schaefer2018_400Parcels_7Networks_order	rh	7Networks_RH_Limbic_OFC_2	583	390	1084	2.875	0.523	0.106	0.020	5	0.5	121	120	29.5613	7.8735	6.3335	43.5219	37.1884	3.7545
sub-23698	ses-1	Schaefer2018_400Parcels_7Networks_order	rh	7Networks_RH_Limbic_OFC_3	913	697	2088	2.620	0.517	0.126	0.026	25	0.8	122	121	26.1142	10.3123	-6.1217	42.0512	48.1729	2.5323
sub-23698	ses-1	Schaefer2018_400Parcels_7Networks_order	rh	7Networks_RH_Limbic_OFC_4	484	327	986	2.951	0.439	0.109	0.019	4	0.5	123	122	35.6951	6.5474	8.8509	46.5759	37.7249	5.4518
sub-23698	ses-1	Schaefer2018_400Parcels_7Networks_order	rh	7Networks_RH_Limbic_OFC_5	459	342	1265	3.055	0.592	0.110	0.026	9	0.4	124	123	25.0392	10.4482	-6.2701	43.0511	49.3212	2.3965
sub-23698	ses-1	Schaefer2018_400Parcels_7Networks_order	rh	7Networks_RH_Limbic_OFC_6	611	464	1607	2.901	0.544	0.160	0.036	15	0.9	125	124	28.5239	8.3433	-2.4854	46.3145	48.7998	3.4188
sub-23698	ses-1	Schaefer2018_400Parcels_7Networks_order	rh	7Networks_RH_Limbic_TempPole_1	1222	841	3007	3.003	0.742	0.130	0.030	14	1.7	126	125	26.1736	8.5554	-18.7203	49.1456	67.8659	3.0593
sub-23698	ses-1	Schaefer2018_400Parcels_7Networks_order	rh	7Networks_RH_Limbic_TempPole_2	818	584	2233	3.088	0.563	0.114	0.020	11	0.7	127	126	31.7549	6.1006	11.3628	48.6362	37.2734	5.2052
sub-23698	ses-1	Schaefer2018_400Parcels_7Networks_order	rh	7Networks_RH_Limbic_TempPole_3	686	506	2007	3.339	0.637	0.154	0.032	11	1.0	128	127	26.6394	7.9487	-3.6351	42.7237	46.3588	3.3514
sub-23698	ses-1	Schaefer2018_400Parcels_7Networks_order	rh	7Networks_RH_Limbic_TempPole_4	1055	667	1823	2.835	0.401	0.080	0.009	6	0.5	129	128	31.1992	4.0321	14.3524	38.7762	24.4239	7.7376
sub-23698	ses-1	Schaefer2018_400Parcels_7Networks_order	rh	7Networks_RH_Limbic_TempPole_5	679	458	2095	3.578	1.002	0.108	0.027	6	0.8	130	129	26.1912	8.4185	-1.8217	42.3931	44.2148	3.1111
sub-23698	ses-1	Schaefer2018_400Parcels_7Networks_order	rh	7Networks_RH_Limbic_TempPole_6	826	549	1752	2.941	0.460	0.109	0.018	8	0.6	131	130	29.5098	6.8018	0.7848	47.3110	46.5263	4.3385
sub-23698	ses-1	Schaefer2018_400Parcels_7Networks_order	rh	7Networks_RH_Limbic_TempPole_7	560	341	1379	3.233	0.868	0.090	0.016	3	0.3	132	131	24.7846	5.7570	0.0000	36.1938	36.1938	4.3051
sub-23698	ses-1	Schaefer2018_400Parcels_7Networks_order	rh	7Networks_RH_Cont_Par_1	653	461	1488	2.771	0.324	0.131	0.026	9	0.6	133	132	30.1293	6.5734	12.6675	46.2213	33.5537	4.5835
sub-23698	ses-1	Schaefer2018_400Parcels_7Networks_order	rh	7Networks_RH_Cont_Par_2	595	408	1120	2.488	0.446	0.112	0.022	7	0.4	134	133	29.9585	6.2130	8.7573	43.9172	35.1599	4.8219
sub-23698	ses-1	Schaefer2018_400Parcels_7Networks_order	rh	7Networks_RH_Cont_Par_3	377	290	864	2.547	0.330	0.140	0.027	6	0.4	135	134	27.8693	7.1457	-4.4036	43.2636	47.6672	3.9001
sub-23698	ses-1	Schaefer2018_400Parcels_7Networks_order	rh	7Networks_RH_Cont_Par_4	491	332	1101	2.878	0.300	0.095	0.010	5	0.2	136	135	30.7079	4.9922	15.4895	41.1758	25.6863	6.1512
sub-23698	ses-1	Schaefer2018_400Parcels_7Networks_order	rh	7Networks_RH_Cont_Par_5	453	321	906	2.514	0.286	0.122	0.015	6	0.3	137	136	27.6553	6.9826	-0.5134	44.4264	44.9398	3.9606
sub-23698	ses-1	Schaefer2018_400Parcels_7Networks_order	rh	7Networks_RH_Cont_Par_6	784	515	1099	2.519	0.272	0.105	0.015	6	0.6	138	137	32.2339	4.6465	13.7884	40.8569	27.0686	6.9372
sub-23698	ses-1	Schaefer2018_400Parcels_7Networks_order	rh	7Networks_RH_Cont_Temp_1	1067	747	2692	3.187	0.525	0.128	0.024	14	1.1	139	138	28.6934	6.6134	6.7962	40.7546	33.9584	4.3387
sub-23698	ses-1	Schaefer2018_400Parcels_7Networks_order	rh	7Networks_RH_Cont_Temp_2	766	528	1641	3.077	0.625	0.114	0.019	7	0.7	140	139	30.5474	5.3061	10.3597	40.5335	30.1739	5.7571
sub-23698	ses-1	Schaefer2018_400Parcels_7Networks_order	rh	7Networks_RH_Cont_PFCv_1	537	341	946	3.144	0.538	0.060	0.006	1	0.1	141	140	32.1988	3.8827	11.0725	40.6238	29.5513	8.2929
sub-23698	ses-1	Schaefer2018_400Parcels_7Networks_order	rh	7Networks_RH_Cont_PFCl_1	672	487	1640	2.999	0.537	0.122	0.023	9	0.6	142	141	31.5997	8.3797	-1.0337	50.2499	51.2836	3.7710
sub-23698	ses-1	Schaefer2018_400Parcels_7Networks_order	rh	7Networks_RH_Cont_PFCl_2	846	605	1740	2.690	0.510	0.147	0.033	15	1.0	143	142	32.0870	6.2476	8.2160	45.4821	37.2661	5.1359
sub-23698	ses-1	Schaefer2018_400Parcels_7Networks_order	rh	7Networks_RH_Cont_PFCl_3	1725	1247	2890	2.295	0.360	0.130	0.027	22	1.9	144	143	30.8600	7.0491	-4.3647	43.4641	47.8288	4.3778
sub-23698	ses-1	Schaefer2018_400Parcels_7Networks_order	rh	7Networks_RH_Cont_PFCl_4	506	360	1149	2.883	0.406	0.126	0.020	7	0.5	145	144	29.1400	6.5992	-1.9571	42.9913	44.9484	4.4157
sub-23698	ses-1	Schaefer2018_400Parcels_7Networks_order	rh	7Networks_RH_Cont_PFCl_5	897	649	1889	2.658	0.458	0.124	0.024	11	0.8	146	145	31.5451	6.4436	1.4382	41.1532	39.7149	4.8956
sub-23698	ses-1	Schaefer2018_400Parcels_7Networks_order	rh	7Networks_RH_Cont_PFCl_6	485	358	937	2.426	0.448	0.120	0.019	9	0.4	147	146	26.6858	8.8540	-5.0293	39.9215	44.9509	3.0140
sub-23698	ses-1	Schaefer2018_400Parcels_7Networks_order	rh	7Networks_RH_Cont_PFCl_7	611	395	908	2.680	0.274	0.100	0.017	4	0.4	148	147	32.8875	4.1486	17.9960	39.7492	21.7531	7.9274
sub-23698	ses-1	Schaefer2018_400Parcels_7Networks_order	rh	7Networks_RH_Cont_PFCl_8	799	535	1572	2.582	0.528	0.104	0.019	9	0.5	149	148	30.4535	7.3412	0.0419	42.9616	42.9197	4.1483
sub-23698	ses-1	Schaefer2018_400Parcels_7Networks_order	rh	7Networks_RH_Cont_PFCl_9	633	435	1565	2.892	0.321	0.113	0.024	7	0.5	150	149	27.8025	6.6165	5.5709	40.5985	35.0276	4.2020
sub-23698	ses-1	Schaefer2018_400Parcels_7Networks_order	rh	7Networks_RH_Cont_PFCl_10	381	254	515	2.500	0.240	0.102	0.023	2	0.3	151	150	31.2249	4.3264	15.2482	44.2587	29.0105	7.2172
sub-23698	ses-1	Schaefer2018_400Parcels_7Networks_order	rh	7Networks_RH_Cont_PFCl_11	996	649	1612	2.507	0.480	0.094	0.017	7	0.7	152	151	31.8275	5.4430	10.1708	43.9964	33.8257	5.8474
sub-23698	ses-1	Schaefer2018_400Parcels_7Networks_order	rh	7Networks_RH_Cont_PFCl_12	634	426	1479	2.982	0.423	0.108	0.022	7	0.5	153	152	26.7309	6.5730	8.2471	49.7227	41.4756	4.0668
sub-23698	ses-1	Schaefer2018_400Parcels_7Networks_order	rh	7Networks_RH_Cont_PFCl_13	369	239	553	2.676	0.238	0.071	0.009	1	0.1	154	153	30.3927	4.1439	17.6704	40.7571	23.0867	7.3343
sub-23698	ses-1	Schaefer2018_400Parcels_7Networks_order	rh	7Networks_RH_Cont_PFCl_14	502	341	1207	2.768	0.349	0.118	0.021	7	0.5	155	154	25.5367	5.9073	11.9177	38.5393	26.6216	4.3229
sub-23698	ses-1	Schaefer2018_400Parcels_7Networks_order	rh	7Networks_RH_Cont_PFCl_15	421	273	671	2.616	0.390	0.077	0.013	1	0.2	156	155	32.2379	4.4427	16.6091	39.3764	22.7673	7.2564
sub-23698	ses-1	Schaefer2018_400Parcels_7Networks_order	rh	7Networks_RH_Cont_pCun_1	576	398	899	2.269	0.303	0.119	0.021	7	0.5	157	156	24.0899	5.7438	7.5809	35.9200	28.3391	4.1941
sub-23698	ses-1	Schaefer2018_400Parcels_7Networks_order	rh	7Networks_RH_Cont_pCun_2	461	339	1044	2.707	0.555	0.130	0.024	8	0.5	158	157	25.7341	8.4143	-3.2136	40.5656	43.7792	3.0584
sub-23698	ses-1	Schaefer2018_400Parcels_7Networks_order	rh	7Networks_RH_Cont_Cing_1	421	271	394	1.560	1.082	0.118	0.029	6	0.4	159	158	17.9118	10.7309	0.0000	35.6247	35.6247	1.6692
sub-23698	ses-1	Schaefer2018_400Parcels_7Networks_order	rh	7Networks_RH_Cont_Cing_2	282	180	253	1.656	0.778	0.132	0.015	5	0.2	160	159	27.2307	11.0631	0.0000	41.4510	41.4510	2.4614
sub-23698	ses-1	Schaefer2018_400Parcels_7Networks_order	rh	7Networks_RH_Cont_PFCmp_1	679	466	1460	3.078	0.464	0.093	0.018	4	0.5	161	160	32.9780	6.6848	4.6191	42.3109	37.6918	4.9333
sub-23698	ses-1	Schaefer2018_400Parcels_7Networks_order	rh	7Networks_RH_Cont_PFCmp_2	448	319	1147	3.428	0.461	0.110	0.022	4	0.4	162	161	31.6248	5.4654	17.3357	41.4545	24.1188	5.7863
sub-23698	ses-1	Schaefer2018_400Parcels_7Networks_order	rh	7Networks_RH_Default_Par_1	419	267	560	2.630	0.218	0.106	0.016	3	0.3	163	162	32.4358	3.5058	10.5552	40.5066	29.9513	9.2519
sub-23698	ses-1	Schaefer2018_400Parcels_7Networks_order	rh	7Networks_RH_Default_Par_2	536	341	810	2.399	0.282	0.098	0.017	4	0.4	164	163	27.6661	5.6655	5.2805	37.5641	32.2836	4.8833
sub-23698	ses-1	Schaefer2018_400Parcels_7Networks_order	rh	7Networks_RH_Default_Par_3	721	531	1673	2.806	0.354	0.120	0.019	9	0.7	165	164	28.5216	7.5416	3.9933	45.4183	41.4250	3.7819
sub-23698	ses-1	Schaefer2018_400Parcels_7Networks_order	rh	7Networks_RH_Default_Par_4	670	456	1120	2.490	0.260	0.107	0.015	8	0.5	166	165	30.4149	6.6122	3.0665	40.8489	37.7824	4.5998
sub-23698	ses-1	Schaefer2018_400Parcels_7Networks_order	rh	7Networks_RH_Default_Par_5	593	418	1077	2.495	0.430	0.120	0.023	6	0.5	167	166	31.8182	5.4340	8.2141	45.7604	37.5462	5.8554
sub-23698	ses-1	Schaefer2018_400Parcels_7Networks_order	rh	7Networks_RH_Default_Temp_1	732	513	1962	3.516	0.742	0.131	0.022	10	0.7	168	167	31.7644	7.3234	1.5666	45.8423	44.2757	4.3374
sub-23698	ses-1	Schaefer2018_400Parcels_7Networks_order	rh	7Networks_RH_Default_Temp_2	849	589	2355	3.282	0.513	0.115	0.021	9	0.8	169	168	31.6596	6.3482	10.7657	45.4054	34.6397	4.9872
sub-23698	ses-1	Schaefer2018_400Parcels_7Networks_order	rh	7Networks_RH_Default_Temp_3	543	378	1902	3.892	0.534	0.105	0.024	6	0.5	170	169	27.4319	6.3974	2.8534	38.7808	35.9275	4.2880
sub-23698	ses-1	Schaefer2018_400Parcels_7Networks_order	rh	7Networks_RH_Default_Temp_4	881	563	1660	2.961	0.424	0.070	0.009	3	0.3	171	170	33.1823	3.2721	14.1560	39.5585	25.4025	10.1410
sub-23698	ses-1	Schaefer2018_400Parcels_7Networks_order	rh	7Networks_RH_Default_Temp_5	543	353	1329	3.333	0.391	0.099	0.019	6	0.4	172	171	29.4898	7.4264	5.4519	43.7167	38.2648	3.9709
sub-23698	ses-1	Schaefer2018_400Parcels_7Networks_order	rh	7Networks_RH_Default_Temp_6	407	254	577	2.863	0.269	0.088	0.015	2	0.2	173	172	33.1789	2.6679	22.2906	40.4758	18.1852	12.4364
sub-23698	ses-1	Schaefer2018_400Parcels_7Networks_order	rh	7Networks_RH_Default_Temp_7	440	272	955	3.147	0.232	0.103	0.015	5	0.3	174	173	29.7356	6.0144	10.7424	40.4198	29.6774	4.9441
sub-23698	ses-1	Schaefer2018_400Parcels_7Networks_order	rh	7Networks_RH_Default_Temp_8	688	462	1132	2.925	0.311	0.112	0.019	6	0.6	175	174	31.7543	5.8862	4.0637	41.0426	36.9789	5.3947
sub-23698	ses-1	Schaefer2018_400Parcels_7Networks_order	rh	7Networks_RH_Default_PFCv_1	650	421	1434	2.816	0.486	0.099	0.020	7	0.5	176	175	23.4828	7.0499	-3.8275	36.7398	40.5674	3.3309
sub-23698	ses-1	Schaefer2018_400Parcels_7Networks_order	rh	7Networks_RH_Default_PFCv_2	603	419	1117	2.742	0.368	0.107	0.020	5	0.5	177	176	29.7665	6.6452	10.0389	44.0757	34.0368	4.4794
sub-23698	ses-1	Schaefer2018_400Parcels_7Networks_order	rh	7Networks_RH_Default_PFCv_3	912	622	2210	2.929	0.342	0.120	0.019	9	0.8	178	177	29.9115	5.5617	15.0343	40.9318	25.8975	5.3781
sub-23698	ses-1	Schaefer2018_400Parcels_7Networks_order	rh	7Networks_RH_Default_PFCv_4	543	382	1387	3.140	0.462	0.131	0.026	7	0.5	179	178	27.8900	7.2068	-8.6272	39.9483	48.5755	3.8700
sub-23698	ses-1	Schaefer2018_400Parcels_7Networks_order	rh	7Networks_RH_Default_PFCdPFCm_1	1211	858	2326	2.715	0.662	0.130	0.023	24	1.2	180	179	31.3859	8.2803	-0.5824	46.7684	47.3508	3.7905
sub-23698	ses-1	Schaefer2018_400Parcels_7Networks_order	rh	7Networks_RH_Default_PFCdPFCm_2	584	473	1776	3.168	0.561	0.151	0.034	11	0.7	181	180	31.4996	8.2179	9.1922	47.9886	38.7965	3.8331
sub-23698	ses-1	Schaefer2018_400Parcels_7Networks_order	rh	7Networks_RH_Default_PFCdPFCm_3	810	601	1755	2.908	0.617	0.136	0.033	11	1.0	182	181	32.1474	7.4930	4.4792	46.1710	41.6918	4.2903
sub-23698	ses-1	Schaefer2018_400Parcels_7Networks_order	rh	7Networks_RH_Default_PFCdPFCm_4	962	723	2243	2.890	0.466	0.136	0.031	12	1.1	183	182	32.2851	8.3579	7.9661	50.4960	42.5299	3.8628
sub-23698	ses-1	Schaefer2018_400Parcels_7Networks_order	rh	7Networks_RH_Default_PFCdPFCm_5	720	527	1501	2.623	0.472	0.122	0.025	9	0.7	184	183	32.1464	7.8585	8.1996	44.1948	35.9952	4.0907
sub-23698	ses-1	Schaefer2018_400Parcels_7Networks_order	rh	7Networks_RH_Default_PFCdPFCm_6	366	239	505	2.080	0.553	0.139	0.015	6	0.3	185	184	32.1138	7.2225	0.0000	50.1968	50.1968	4.4464
sub-23698	ses-1	Schaefer2018_400Parcels_7Networks_order	rh	7Networks_RH_Default_PFCdPFCm_7	467	319	1219	2.981	0.457	0.118	0.027	5	0.5	186	185	32.4595	6.1466	1.7058	47.4063	45.7005	5.2809
sub-23698	ses-1	Schaefer2018_400Parcels_7Networks_order	rh	7Networks_RH_Default_PFCdPFCm_8	849	595	1820	2.711	0.483	0.108	0.017	8	0.7	187	186	33.7555	6.3122	11.2803	45.3913	34.1110	5.3477
sub-23698	ses-1	Schaefer2018_400Parcels_7Networks_order	rh	7Networks_RH_Default_PFCdPFCm_9	483	333	1097	3.066	0.299	0.118	0.020	5	0.4	188	187	32.9586	7.3701	11.1290	44.1578	33.0288	4.4719
sub-23698	ses-1	Schaefer2018_400Parcels_7Networks_order	rh	7Networks_RH_Default_PFCdPFCm_10	1125	773	2034	2.800	0.336	0.118	0.019	11	1.0	189	188	33.5304	5.4579	10.5752	44.9790	34.4038	6.1435
sub-23698	ses-1	Schaefer2018_400Parcels_7Networks_order	rh	7Networks_RH_Default_PFCdPFCm_11	830	581	2049	3.147	0.470	0.129	0.026	10	0.8	190	189	30.6639	7.7011	-7.0173	47.2723	54.2896	3.9817
sub-23698	ses-1	Schaefer2018_400Parcels_7Networks_order	rh	7Networks_RH_Default_PFCdPFCm_12	503	338	1066	2.962	0.497	0.111	0.021	5	0.4	191	190	31.5434	5.9209	13.8772	42.2389	28.3617	5.3275
sub-23698	ses-1	Schaefer2018_400Parcels_7Networks_order	rh	7Networks_RH_Default_PFCdPFCm_13	521	343	1237	3.118	0.305	0.123	0.016	7	0.4	192	191	29.7877	6.0716	17.2687	41.8935	24.6248	4.9061
sub-23698	ses-1	Schaefer2018_400Parcels_7Networks_order	rh	7Networks_RH_Default_pCunPCC_1	698	472	1189	2.488	0.452	0.117	0.022	7	0.6	193	192	25.2349	5.8146	6.8507	35.8028	28.9521	4.3399
sub-23698	ses-1	Schaefer2018_400Parcels_7Networks_order	rh	7Networks_RH_Default_pCunPCC_2	161	107	256	2.277	0.442	0.121	0.020	2	0.1	194	193	21.7518	3.7104	14.6527	32.0464	17.3937	5.8624
sub-23698	ses-1	Schaefer2018_400Parcels_7Networks_order	rh	7Networks_RH_Default_pCunPCC_3	295	193	384	2.335	0.364	0.133	0.016	4	0.3	195	194	26.4798	5.1099	12.4594	36.8271	24.3678	5.1821
sub-23698	ses-1	Schaefer2018_400Parcels_7Networks_order	rh	7Networks_RH_Default_pCunPCC_4	528	341	980	2.666	0.397	0.114	0.023	5	0.4	196	195	27.9502	6.0096	7.8726	39.0871	31.2145	4.6509
sub-23698	ses-1	Schaefer2018_400Parcels_7Networks_order	rh	7Networks_RH_Default_pCunPCC_5	351	229	758	2.758	0.209	0.102	0.019	3	0.2	197	196	23.7857	4.8060	7.8972	34.5258	26.6286	4.9492
sub-23698	ses-1	Schaefer2018_400Parcels_7Networks_order	rh	7Networks_RH_Default_pCunPCC_6	505	367	1224	2.967	0.458	0.122	0.024	6	0.6	198	197	28.9968	7.1663	3.8880	40.6751	36.7871	4.0463
sub-23698	ses-1	Schaefer2018_400Parcels_7Networks_order	rh	7Networks_RH_Default_pCunPCC_7	274	188	742	3.063	0.249	0.121	0.028	3	0.3	199	198	26.7596	6.7086	8.2693	39.6935	31.4242	3.9889
sub-23698	ses-1	Schaefer2018_400Parcels_7Networks_order	rh	7Networks_RH_Default_pCunPCC_8	311	212	493	2.644	0.373	0.127	0.023	4	0.3	200	199	30.3536	6.0519	10.3914	42.2288	31.8374	5.0155
sub-23698	ses-1	Schaefer2018_400Parcels_7Networks_order	rh	7Networks_RH_Default_pCunPCC_9	385	249	484	2.388	0.431	0.084	0.010	1	0.2	201	200	31.7404	3.5253	20.5328	41.4977	20.9648	9.0036
