participant_id	session_id	atlas	hemisphere	structname	numvert	surfarea	grayvol	thickavg	thickstd	meancurv	gauscurv	foldind	curvind	index	segid	mean_wgpct	stddev_wgpct	min_wgpct	max_wgpct	range_wgpct	snr_wgpct
sub-20983	ses-2	gordon333dil	lh	???	9370	5682	1931	0.334	0.879	0.072	0.017	52	5.6	1	0	2.4031	8.0868	-70.4570	53.7841	124.2410	0.2972
sub-20983	ses-2	gordon333dil	lh	L_None_1	398	287	982	3.086	1.716	0.153	0.064	6	1.2	2	1	15.8991	9.9370	0.0000	33.3834	33.3834	1.6000
sub-20983	ses-2	gordon333dil	lh	L_None_2	44	21	79	2.420	0.633	0.132	0.020	1	0.0	3	2	16.8163	5.3597	-2.7286	23.9236	26.6522	3.1375
sub-20983	ses-2	gordon333dil	lh	L_None_3	33	17	63	2.430	0.776	0.089	0.021	0	0.0	4	3	18.1086	6.9848	0.0000	28.9469	28.9469	2.5926
sub-20983	ses-2	gordon333dil	lh	L_None_4	832	614	2848	4.043	0.528	0.114	0.024	9	0.8	5	4	27.8978	6.5183	6.4798	43.5122	37.0324	4.2799
sub-20983	ses-2	gordon333dil	lh	L_None_5	412	308	1128	2.925	0.475	0.150	0.035	8	0.6	6	5	27.7164	8.3619	2.4608	41.7062	39.2455	3.3146
sub-20983	ses-2	gordon333dil	lh	L_None_6	75	49	163	2.897	0.797	0.124	0.039	1	0.1	7	6	17.9842	8.1205	-0.0999	32.7924	32.8923	2.2147
sub-20983	ses-2	gordon333dil	lh	L_None_7	445	303	713	2.660	0.406	0.096	0.020	3	0.3	8	7	32.6527	6.1052	8.6898	42.8475	34.1577	5.3483
sub-20983	ses-2	gordon333dil	lh	L_None_8	1176	805	2238	2.824	0.442	0.116	0.021	11	1.1	9	8	30.8948	6.5516	0.3266	45.7362	45.4097	4.7156
sub-20983	ses-2	gordon333dil	lh	L_None_9	518	382	1118	2.672	0.397	0.116	0.019	8	0.5	10	9	31.3615	8.7495	7.0964	45.6310	38.5346	3.5844
sub-20983	ses-2	gordon333dil	lh	L_None_10	605	457	1456	3.003	0.473	0.116	0.021	7	0.5	11	10	32.3792	7.4916	9.6767	47.3823	37.7056	4.3221
sub-20983	ses-2	gordon333dil	lh	L_None_11	1101	736	1774	2.348	0.426	0.104	0.018	15	1.0	12	11	25.0719	9.4036	-15.6583	43.7277	59.3860	2.6662
sub-20983	ses-2	gordon333dil	lh	L_None_12	445	301	675	2.107	0.492	0.125	0.016	8	0.3	13	12	27.2188	9.4979	-6.8804	48.6825	55.5629	2.8658
sub-20983	ses-2	gordon333dil	lh	L_None_13	460	299	965	2.503	0.348	0.102	0.021	11	0.4	14	13	27.3268	8.3247	-20.2313	41.5521	61.7834	3.2826
sub-20983	ses-2	gordon333dil	lh	L_None_14	1523	1059	3491	2.936	0.537	0.100	0.018	15	1.1	15	14	30.4033	6.8955	7.8908	42.9002	35.0094	4.4091
sub-20983	ses-2	gordon333dil	lh	L_None_15	1246	886	3620	3.366	0.651	0.127	0.026	16	1.4	16	15	30.0501	7.6577	-3.4980	50.5889	54.0868	3.9242
sub-20983	ses-2	gordon333dil	lh	L_None_16	854	594	1569	2.806	0.463	0.129	0.026	11	1.0	17	16	28.7386	9.1210	5.5095	48.1164	42.6069	3.1508
sub-20983	ses-2	gordon333dil	lh	L_None_17	792	547	1634	2.639	0.749	0.145	0.048	12	1.5	18	17	22.4374	9.3608	-29.8139	44.4685	74.2824	2.3970
sub-20983	ses-2	gordon333dil	lh	L_None_18	1117	731	1881	2.437	0.615	0.123	0.033	17	1.6	19	18	23.5575	12.1561	-26.8185	41.5755	68.3941	1.9379
sub-20983	ses-2	gordon333dil	lh	L_None_19	605	385	1091	2.336	1.398	0.097	0.026	7	0.6	20	19	19.2227	12.1548	0.0000	37.3437	37.3437	1.5815
sub-20983	ses-2	gordon333dil	lh	L_None_20	222	128	485	2.708	0.948	0.091	0.018	2	0.1	21	20	24.6418	8.4305	0.0000	35.5519	35.5519	2.9229
sub-20983	ses-2	gordon333dil	lh	L_None_21	655	437	1690	3.115	0.578	0.120	0.026	9	0.5	22	21	26.2967	5.9469	8.8886	37.3788	28.4902	4.4219
sub-20983	ses-2	gordon333dil	lh	L_Default_1	3669	2587	8021	2.815	0.493	0.129	0.024	48	3.7	23	48	28.9630	7.4544	-5.1218	44.8412	49.9630	3.8853
sub-20983	ses-2	gordon333dil	lh	L_Default_2	800	561	2009	3.101	0.440	0.122	0.021	8	0.7	24	49	29.3798	6.1997	14.3505	41.9584	27.6079	4.7389
sub-20983	ses-2	gordon333dil	lh	L_Default_3	5080	3468	10572	2.914	0.422	0.113	0.020	52	4.3	25	50	31.4285	7.2526	-0.6357	46.3680	47.0036	4.3334
sub-20983	ses-2	gordon333dil	lh	L_Default_4	573	401	1553	3.531	0.426	0.125	0.023	5	0.6	26	51	30.2817	7.9166	12.6310	44.0266	31.3956	3.8251
sub-20983	ses-2	gordon333dil	lh	L_Default_5	204	154	638	3.146	0.331	0.119	0.020	4	0.2	27	52	29.5321	6.9653	14.8606	43.1701	28.3095	4.2399
sub-20983	ses-2	gordon333dil	lh	L_Default_6	1513	1011	3284	2.951	0.506	0.102	0.014	12	0.8	28	53	32.8083	6.0785	13.8167	44.6784	30.8617	5.3974
sub-20983	ses-2	gordon333dil	lh	L_Default_7	1369	982	3401	2.849	0.449	0.118	0.021	30	1.1	29	54	27.9050	7.5017	-0.9266	44.3404	45.2671	3.7198
sub-20983	ses-2	gordon333dil	lh	L_Default_8	484	319	691	2.466	0.294	0.109	0.018	3	0.4	30	55	36.3101	3.5396	16.7066	45.2161	28.5094	10.2583
sub-20983	ses-2	gordon333dil	lh	L_Default_9	1270	936	2773	2.632	0.390	0.136	0.028	29	1.2	31	56	31.2222	8.9815	-0.1001	50.3697	50.4698	3.4763
sub-20983	ses-2	gordon333dil	lh	L_Default_10	1326	908	2482	2.796	0.587	0.113	0.019	17	1.0	32	57	31.9951	7.6927	0.3933	45.9058	45.5125	4.1592
sub-20983	ses-2	gordon333dil	lh	L_Default_11	523	344	1466	3.619	0.491	0.100	0.016	8	0.4	33	58	27.8835	10.4456	5.1488	48.6504	43.5017	2.6694
sub-20983	ses-2	gordon333dil	lh	L_Default_12	2146	1394	4821	3.067	0.455	0.096	0.018	23	1.5	34	59	29.4475	7.5550	-3.2255	42.2657	45.4911	3.8978
sub-20983	ses-2	gordon333dil	lh	L_Default_13	867	588	2058	3.105	0.468	0.108	0.017	8	0.7	35	60	32.1710	6.3145	10.8107	43.4831	32.6724	5.0948
sub-20983	ses-2	gordon333dil	lh	L_Default_14	1202	838	2640	2.886	0.562	0.103	0.017	12	0.9	36	61	32.6723	7.9340	-8.8451	43.5220	52.3671	4.1180
sub-20983	ses-2	gordon333dil	lh	L_Default_15	2105	1518	5458	3.090	0.528	0.125	0.028	25	2.1	37	62	31.1232	7.7197	0.6499	45.4459	44.7961	4.0317
sub-20983	ses-2	gordon333dil	lh	L_Default_16	547	392	1205	2.785	0.496	0.124	0.025	6	0.6	38	63	32.9095	8.3223	-0.1813	45.1303	45.3116	3.9544
sub-20983	ses-2	gordon333dil	lh	L_Default_17	725	497	1586	2.931	0.599	0.123	0.021	8	0.7	39	64	33.3130	7.1588	0.0000	53.4017	53.4017	4.6534
sub-20983	ses-2	gordon333dil	lh	L_Default_18	692	450	1442	2.904	0.324	0.106	0.023	6	0.6	40	65	32.7082	6.3441	3.6598	42.2627	38.6028	5.1557
sub-20983	ses-2	gordon333dil	lh	L_Default_19	617	420	1535	2.966	0.411	0.114	0.015	6	0.4	41	66	28.9023	7.1445	14.7679	42.1409	27.3730	4.0454
sub-20983	ses-2	gordon333dil	lh	L_Default_20	1150	779	2583	2.866	0.366	0.104	0.014	9	0.8	42	67	32.7840	6.1819	15.8852	43.1427	27.2575	5.3033
sub-20983	ses-2	gordon333dil	lh	L_ParietoOccip_1	789	531	1228	2.790	0.350	0.094	0.017	5	0.6	43	89	30.3209	5.8128	7.2321	40.8350	33.6030	5.2162
sub-20983	ses-2	gordon333dil	lh	L_ParietoOccip_2	553	367	1178	2.889	0.755	0.126	0.028	8	0.6	44	90	26.3122	6.7793	8.2444	41.3692	33.1248	3.8813
sub-20983	ses-2	gordon333dil	lh	L_ParietoOccip_3	1067	703	1859	2.709	0.485	0.095	0.017	10	0.7	45	91	25.7759	8.0486	-58.2071	38.2934	96.5005	3.2025
sub-20983	ses-2	gordon333dil	lh	L_ParietoOccip_4	299	190	526	2.927	0.453	0.064	0.008	1	0.1	46	92	32.2904	3.4601	19.3144	38.4658	19.1514	9.3321
sub-20983	ses-2	gordon333dil	lh	L_FrontoParietal_1	457	329	1035	2.765	0.492	0.133	0.026	6	0.4	47	97	30.2004	6.9938	5.3887	41.2798	35.8912	4.3181
sub-20983	ses-2	gordon333dil	lh	L_FrontoParietal_2	447	297	942	2.913	0.566	0.115	0.021	5	0.4	48	98	30.8805	6.4610	14.3051	43.1607	28.8556	4.7795
sub-20983	ses-2	gordon333dil	lh	L_FrontoParietal_3	774	516	1931	3.448	0.333	0.113	0.018	6	0.6	49	99	30.2365	6.4917	12.2423	43.1252	30.8830	4.6577
sub-20983	ses-2	gordon333dil	lh	L_FrontoParietal_4	1326	970	2941	2.695	0.368	0.131	0.025	20	1.4	50	100	29.1531	7.6762	-2.0335	42.2600	44.2935	3.7978
sub-20983	ses-2	gordon333dil	lh	L_FrontoParietal_5	1918	1311	3515	2.582	0.359	0.118	0.021	18	1.8	51	101	31.3097	6.2935	3.2803	45.1901	41.9097	4.9749
sub-20983	ses-2	gordon333dil	lh	L_FrontoParietal_6	301	210	624	2.800	0.259	0.097	0.024	3	0.1	52	102	33.5711	5.7987	16.9130	45.3426	28.4296	5.7894
sub-20983	ses-2	gordon333dil	lh	L_FrontoParietal_7	1299	872	2891	2.775	0.392	0.107	0.017	14	0.9	53	103	31.3420	6.9524	11.1701	45.8243	34.6541	4.5081
sub-20983	ses-2	gordon333dil	lh	L_FrontoParietal_8	860	628	1971	2.607	0.389	0.128	0.025	15	0.8	54	104	30.4713	8.4373	-4.1449	45.8338	49.9787	3.6115
sub-20983	ses-2	gordon333dil	lh	L_FrontoParietal_9	705	490	1343	2.525	0.302	0.129	0.027	10	0.7	55	105	28.9068	8.1377	7.6299	43.0211	35.3912	3.5522
sub-20983	ses-2	gordon333dil	lh	L_Salience_1	529	348	1042	2.864	0.528	0.115	0.015	5	0.4	56	121	34.9139	5.6183	0.0000	46.9055	46.9055	6.2143
sub-20983	ses-2	gordon333dil	lh	L_Salience_2	159	99	586	4.166	0.802	0.086	0.013	1	0.1	57	122	23.9662	6.5331	11.1332	33.8007	22.6675	3.6684
sub-20983	ses-2	gordon333dil	lh	L_CinguloOperc_1	1487	986	2354	2.701	0.350	0.104	0.017	9	1.1	58	125	33.7397	5.8712	-3.8819	45.3835	49.2655	5.7467
sub-20983	ses-2	gordon333dil	lh	L_CinguloOperc_2	1419	955	2927	3.038	0.370	0.110	0.021	12	1.3	59	126	31.3218	6.4799	12.3968	44.7817	32.3849	4.8337
sub-20983	ses-2	gordon333dil	lh	L_CinguloOperc_3	910	616	1804	2.771	0.673	0.115	0.016	9	0.7	60	127	33.3039	7.0822	9.1521	45.8414	36.6893	4.7025
sub-20983	ses-2	gordon333dil	lh	L_CinguloOperc_4	215	137	391	2.958	0.410	0.094	0.013	1	0.1	61	128	35.8566	4.2410	19.2550	42.8646	23.6096	8.4548
sub-20983	ses-2	gordon333dil	lh	L_CinguloOperc_5	893	593	2052	2.896	0.520	0.108	0.018	6	0.8	62	129	27.4974	6.0196	13.6274	43.3980	29.7705	4.5680
sub-20983	ses-2	gordon333dil	lh	L_CinguloOperc_6	429	273	577	2.483	0.318	0.074	0.006	1	0.2	63	130	33.9500	4.7683	18.1961	46.3110	28.1148	7.1200
sub-20983	ses-2	gordon333dil	lh	L_CinguloOperc_7	1258	864	2918	2.839	0.386	0.116	0.020	12	1.1	64	131	31.3407	5.7202	7.0632	44.5114	37.4482	5.4790
sub-20983	ses-2	gordon333dil	lh	L_CinguloOperc_8	869	577	1502	3.172	0.571	0.094	0.017	5	0.6	65	132	27.0331	8.4370	6.0709	42.3751	36.3043	3.2041
sub-20983	ses-2	gordon333dil	lh	L_CinguloOperc_9	737	494	1587	3.444	0.758	0.091	0.022	3	0.6	66	133	21.4666	7.5423	5.1269	37.4662	32.3393	2.8462
sub-20983	ses-2	gordon333dil	lh	L_CinguloOperc_10	961	633	1893	3.017	0.402	0.096	0.018	7	0.7	67	134	30.5739	6.1741	2.4361	41.5289	39.0928	4.9520
sub-20983	ses-2	gordon333dil	lh	L_CinguloOperc_11	268	178	577	3.136	0.474	0.094	0.016	2	0.2	68	135	26.1195	5.3331	0.1707	36.0984	35.9277	4.8976
sub-20983	ses-2	gordon333dil	lh	L_CinguloOperc_12	184	128	601	3.903	0.665	0.095	0.021	1	0.2	69	136	22.7880	6.2460	4.1160	33.6740	29.5580	3.6484
sub-20983	ses-2	gordon333dil	lh	L_CinguloOperc_13	1175	749	1897	2.927	0.471	0.093	0.014	6	0.7	70	137	33.9733	4.7720	17.3142	44.6244	27.3102	7.1193
sub-20983	ses-2	gordon333dil	lh	L_CinguloOperc_14	366	235	862	2.872	0.294	0.118	0.022	5	0.3	71	138	25.9182	5.2383	11.7958	39.2272	27.4314	4.9478
sub-20983	ses-2	gordon333dil	lh	L_CinguloOperc_15	478	318	967	2.823	0.305	0.113	0.020	5	0.4	72	139	30.5798	5.9713	11.6145	40.4852	28.8707	5.1212
sub-20983	ses-2	gordon333dil	lh	L_CinguloOperc_16	821	534	1720	2.775	0.515	0.122	0.020	10	0.7	73	140	29.9479	5.9470	5.1436	43.2258	38.0822	5.0358
sub-20983	ses-2	gordon333dil	lh	L_CinguloOperc_17	558	357	1313	3.251	0.360	0.117	0.018	5	0.5	74	141	28.3593	7.0739	10.2374	40.7502	30.5128	4.0090
sub-20983	ses-2	gordon333dil	lh	L_CinguloOperc_18	852	571	1845	2.817	0.366	0.096	0.013	10	0.4	75	142	30.1124	7.9422	3.6848	43.3450	39.6602	3.7914
sub-20983	ses-2	gordon333dil	lh	L_CinguloOperc_19	449	286	563	2.444	0.283	0.090	0.013	2	0.2	76	143	36.8279	3.2120	22.4564	44.9959	22.5395	11.4656
sub-20983	ses-2	gordon333dil	lh	L_CinguloOperc_20	1013	710	1981	2.616	0.333	0.116	0.020	12	0.9	77	144	31.8603	7.6657	1.5242	43.5106	41.9864	4.1562
sub-20983	ses-2	gordon333dil	lh	L_MedialParietal_1	869	557	950	1.768	0.710	0.118	0.018	13	0.7	78	165	27.8597	8.0628	0.0000	45.2708	45.2708	3.4553
sub-20983	ses-2	gordon333dil	lh	L_MedialParietal_2	384	254	553	2.489	0.266	0.083	0.010	1	0.2	79	166	30.3830	3.1859	14.6215	36.2274	21.6059	9.5368
sub-20983	ses-2	gordon333dil	lh	L_MedialParietal_3	805	572	1556	2.549	0.402	0.120	0.021	10	0.6	80	167	26.9546	6.2165	6.1797	38.9687	32.7890	4.3360
sub-20983	ses-2	gordon333dil	lh	L_DorsalAttn_1	1184	756	1751	2.709	0.241	0.089	0.014	6	0.7	81	170	33.0449	4.9956	15.7870	45.5973	29.8102	6.6148
sub-20983	ses-2	gordon333dil	lh	L_DorsalAttn_2	440	304	883	2.711	0.268	0.121	0.021	5	0.3	82	171	28.3720	6.7423	10.2797	43.0790	32.7993	4.2081
sub-20983	ses-2	gordon333dil	lh	L_DorsalAttn_3	413	284	866	2.697	0.440	0.116	0.017	4	0.4	83	172	30.0640	7.5189	14.8915	46.3526	31.4611	3.9985
sub-20983	ses-2	gordon333dil	lh	L_DorsalAttn_4	304	198	453	2.573	0.408	0.098	0.020	2	0.2	84	173	33.5231	6.2298	17.1732	43.3480	26.1748	5.3811
sub-20983	ses-2	gordon333dil	lh	L_DorsalAttn_5	1773	1183	2692	2.402	0.284	0.104	0.015	15	1.1	85	174	31.0775	4.8579	10.6508	41.6140	30.9632	6.3973
sub-20983	ses-2	gordon333dil	lh	L_DorsalAttn_6	903	633	1595	2.627	0.268	0.123	0.021	10	0.8	86	175	32.7988	6.6945	7.6929	44.5910	36.8980	4.8993
sub-20983	ses-2	gordon333dil	lh	L_DorsalAttn_7	560	379	1139	2.707	0.369	0.099	0.015	4	0.4	87	176	32.8958	5.6972	14.8837	41.8517	26.9680	5.7741
sub-20983	ses-2	gordon333dil	lh	L_DorsalAttn_8	960	668	1858	2.625	0.369	0.123	0.023	12	0.8	88	177	30.2130	7.8398	-4.0975	44.7990	48.8965	3.8538
sub-20983	ses-2	gordon333dil	lh	L_DorsalAttn_9	2308	1680	4748	2.518	0.357	0.124	0.025	35	2.3	89	178	27.5724	7.0458	-0.0485	55.4203	55.4688	3.9133
sub-20983	ses-2	gordon333dil	lh	L_DorsalAttn_10	1144	735	1560	2.260	0.356	0.093	0.014	9	0.7	90	179	27.5423	4.7415	-9.2313	36.4178	45.6491	5.8088
sub-20983	ses-2	gordon333dil	lh	L_DorsalAttn_11	1296	925	2770	2.616	0.408	0.116	0.023	16	1.2	91	180	29.3506	6.8119	7.9341	42.9651	35.0309	4.3087
sub-20983	ses-2	gordon333dil	lh	L_DorsalAttn_12	401	299	951	2.742	0.394	0.146	0.039	7	0.6	92	181	26.5957	7.5344	3.0220	40.1963	37.1743	3.5299
sub-20983	ses-2	gordon333dil	lh	L_DorsalAttn_13	413	267	668	2.509	0.304	0.106	0.016	4	0.2	93	182	31.1214	4.5332	11.1653	38.4767	27.3114	6.8653
sub-20983	ses-2	gordon333dil	lh	L_DorsalAttn_14	3647	2434	7829	2.965	0.516	0.106	0.020	34	3.1	94	183	31.1561	6.4293	-6.0202	46.2002	52.2204	4.8460
sub-20983	ses-2	gordon333dil	lh	L_DorsalAttn_15	1279	872	2493	2.716	0.412	0.100	0.018	10	0.9	95	184	31.2854	7.2604	-0.7179	42.8092	43.5270	4.3090
sub-20983	ses-2	gordon333dil	lh	L_DorsalAttn_16	338	216	372	2.388	0.255	0.102	0.014	2	0.2	96	185	35.6422	2.8262	25.6897	42.5720	16.8823	12.6114
sub-20983	ses-2	gordon333dil	lh	L_DorsalAttn_17	937	637	1526	2.568	0.282	0.106	0.016	7	0.7	97	186	33.8099	6.6381	4.1421	47.0114	42.8693	5.0933
sub-20983	ses-2	gordon333dil	lh	L_DorsalAttn_18	269	175	435	2.685	0.195	0.087	0.013	2	0.1	98	187	35.1489	4.9646	19.4685	42.8722	23.4037	7.0799
sub-20983	ses-2	gordon333dil	lh	L_DorsalAttn_19	976	675	2061	2.689	0.400	0.108	0.016	10	0.6	99	188	31.7071	7.0961	6.8808	44.5165	37.6357	4.4682
sub-20983	ses-2	gordon333dil	lh	L_VentralAttn_1	511	338	1294	3.283	0.364	0.121	0.027	4	0.6	100	202	27.0379	5.9487	14.5843	41.2574	26.6730	4.5452
sub-20983	ses-2	gordon333dil	lh	L_VentralAttn_2	302	196	465	2.967	0.280	0.088	0.013	1	0.1	101	203	32.6480	2.6090	23.9218	37.6969	13.7752	12.5134
sub-20983	ses-2	gordon333dil	lh	L_VentralAttn_3	334	220	612	3.013	0.250	0.091	0.013	2	0.2	102	204	33.3757	4.2206	22.7383	40.8064	18.0680	7.9078
sub-20983	ses-2	gordon333dil	lh	L_VentralAttn_4	3127	2042	6584	3.016	0.370	0.091	0.014	21	1.9	103	205	32.5584	6.1309	1.6558	46.7030	45.0472	5.3105
sub-20983	ses-2	gordon333dil	lh	L_VentralAttn_5	881	604	1765	2.780	0.406	0.108	0.021	10	0.7	104	206	30.7854	6.8425	0.9271	44.5238	43.5967	4.4991
sub-20983	ses-2	gordon333dil	lh	L_VentralAttn_6	462	343	1275	3.021	0.476	0.145	0.032	10	0.6	105	207	26.8559	8.6787	-1.2059	41.5510	42.7569	3.0945
sub-20983	ses-2	gordon333dil	lh	L_VentralAttn_7	1394	932	3655	3.379	0.534	0.109	0.020	14	1.2	106	208	28.2253	7.1203	4.9009	44.4560	39.5551	3.9641
sub-20983	ses-2	gordon333dil	lh	L_VentralAttn_8	417	274	694	2.583	0.392	0.097	0.017	4	0.2	107	209	32.1569	6.2917	-5.9877	41.8761	47.8638	5.1110
sub-20983	ses-2	gordon333dil	lh	L_VentralAttn_9	524	352	1200	2.750	0.280	0.107	0.016	7	0.4	108	210	27.4620	6.8225	9.3139	40.5713	31.2574	4.0252
sub-20983	ses-2	gordon333dil	lh	L_VentralAttn_10	551	383	1331	2.757	0.316	0.114	0.020	7	0.4	109	211	27.3574	7.2812	8.1561	45.5898	37.4337	3.7573
sub-20983	ses-2	gordon333dil	lh	L_VentralAttn_11	223	139	520	3.369	0.406	0.060	0.007	1	0.0	110	212	31.7440	5.3805	15.2167	42.6816	27.4649	5.8998
sub-20983	ses-2	gordon333dil	lh	L_Visual_1	2714	1768	4227	2.322	0.336	0.116	0.019	27	2.2	111	225	25.1156	4.7123	8.4967	37.4840	28.9874	5.3298
sub-20983	ses-2	gordon333dil	lh	L_Visual_2	1554	1073	2806	2.477	0.465	0.124	0.021	22	1.4	112	226	22.9145	6.1694	1.1693	38.0930	36.9237	3.7142
sub-20983	ses-2	gordon333dil	lh	L_Visual_3	5582	3885	7096	1.891	0.542	0.133	0.029	74	6.6	113	227	18.6614	7.1466	-41.5813	36.9907	78.5719	2.6112
sub-20983	ses-2	gordon333dil	lh	L_Visual_4	245	165	303	2.315	0.341	0.084	0.017	1	0.2	114	228	22.8834	13.6114	-64.2539	37.9572	102.2112	1.6812
sub-20983	ses-2	gordon333dil	lh	L_Visual_5	154	108	213	1.758	0.533	0.148	0.033	3	0.2	115	229	13.0625	6.7599	0.5820	33.7505	33.1685	1.9323
sub-20983	ses-2	gordon333dil	lh	L_Visual_6	346	227	517	2.562	0.631	0.115	0.024	5	0.3	116	230	21.8815	8.0642	1.9962	37.8889	35.8927	2.7134
sub-20983	ses-2	gordon333dil	lh	L_Visual_7	883	577	1316	2.568	0.377	0.113	0.020	7	0.9	117	231	25.8982	4.4821	9.9665	36.4749	26.5084	5.7781
sub-20983	ses-2	gordon333dil	lh	L_Visual_8	2136	1444	3046	2.163	0.426	0.120	0.022	26	1.9	118	232	26.7158	5.6127	5.4637	37.6874	32.2238	4.7599
sub-20983	ses-2	gordon333dil	lh	L_Visual_9	837	556	1415	2.551	0.329	0.105	0.020	6	0.6	119	233	27.4019	4.4922	13.1983	38.5800	25.3817	6.0999
sub-20983	ses-2	gordon333dil	lh	L_Visual_10	1290	837	2638	2.751	0.366	0.117	0.022	15	1.1	120	234	25.4807	5.9175	4.6636	36.9501	32.2865	4.3060
sub-20983	ses-2	gordon333dil	lh	L_Visual_11	1050	666	1735	2.679	0.498	0.092	0.015	7	0.6	121	235	27.4913	5.0737	0.9635	37.9590	36.9956	5.4184
sub-20983	ses-2	gordon333dil	lh	L_Visual_12	616	426	1064	2.325	0.536	0.113	0.017	8	0.4	122	236	25.1634	7.3603	-0.9420	35.2299	36.1719	3.4188
sub-20983	ses-2	gordon333dil	lh	L_Visual_13	902	601	1986	3.023	0.455	0.095	0.016	7	0.5	123	237	28.9024	6.0070	7.0916	41.4264	34.3348	4.8115
sub-20983	ses-2	gordon333dil	lh	L_Visual_14	1833	1216	2490	1.925	0.424	0.144	0.031	25	2.4	124	238	21.4892	6.1575	5.5446	38.4277	32.8831	3.4899
sub-20983	ses-2	gordon333dil	lh	L_Visual_15	729	518	1113	2.014	0.590	0.150	0.040	11	1.0	125	239	20.7121	6.1299	-5.6053	32.7838	38.3891	3.3789
sub-20983	ses-2	gordon333dil	lh	L_Visual_16	961	701	1849	2.435	0.374	0.137	0.023	16	0.8	126	240	26.3412	7.3703	-1.2143	37.5418	38.7562	3.5740
sub-20983	ses-2	gordon333dil	lh	L_Visual_17	1531	968	1989	1.911	0.534	0.135	0.026	22	1.7	127	241	20.8846	6.1258	1.9341	36.4652	34.5311	3.4093
sub-20983	ses-2	gordon333dil	lh	L_Visual_18	2785	1833	4177	2.221	0.350	0.115	0.020	27	2.3	128	242	25.1297	5.2170	-3.2135	38.7088	41.9224	4.8169
sub-20983	ses-2	gordon333dil	lh	L_SMhand_1	1651	1102	2564	2.310	0.333	0.101	0.017	13	1.1	129	264	30.4542	6.0467	5.1212	43.2850	38.1638	5.0365
sub-20983	ses-2	gordon333dil	lh	L_SMhand_2	182	121	259	2.530	0.328	0.068	0.009	1	0.0	130	265	34.0768	2.4636	27.0427	40.0064	12.9637	13.8319
sub-20983	ses-2	gordon333dil	lh	L_SMhand_3	886	498	1000	1.813	0.393	0.104	0.018	8	0.6	131	266	20.0343	5.8263	5.2688	35.7257	30.4569	3.4386
sub-20983	ses-2	gordon333dil	lh	L_SMhand_4	472	232	750	2.553	0.337	0.076	0.013	3	0.3	132	267	17.8957	3.1178	12.6757	29.3040	16.6284	5.7398
sub-20983	ses-2	gordon333dil	lh	L_SMhand_5	192	126	322	2.398	0.301	0.093	0.025	1	0.1	133	268	21.4924	4.8638	10.7787	32.4392	21.6605	4.4188
sub-20983	ses-2	gordon333dil	lh	L_SMhand_6	667	436	1332	2.595	0.351	0.107	0.019	6	0.5	134	269	25.4184	5.9118	4.4428	40.8642	36.4214	4.2996
sub-20983	ses-2	gordon333dil	lh	L_SMhand_7	966	627	1819	2.602	0.564	0.113	0.018	9	0.7	135	270	23.1700	5.2394	9.0298	37.1058	28.0760	4.4223
sub-20983	ses-2	gordon333dil	lh	L_SMhand_8	381	243	798	3.212	0.458	0.117	0.024	3	0.4	136	271	27.2240	6.5625	13.7503	38.7975	25.0472	4.1484
sub-20983	ses-2	gordon333dil	lh	L_SMhand_9	1158	696	1082	1.677	0.391	0.102	0.020	9	0.9	137	272	21.4271	5.2266	4.5275	32.7484	28.2208	4.0996
sub-20983	ses-2	gordon333dil	lh	L_SMhand_10	945	511	1752	2.957	0.650	0.087	0.016	5	0.7	138	273	19.3415	4.5684	0.9578	28.9317	27.9738	4.2338
sub-20983	ses-2	gordon333dil	lh	L_SMhand_11	352	203	553	2.594	0.540	0.095	0.026	2	0.3	139	274	19.9342	5.5973	4.9158	34.5277	29.6119	3.5614
sub-20983	ses-2	gordon333dil	lh	L_SMhand_12	1432	898	2412	2.702	0.444	0.090	0.013	9	0.9	140	275	29.0929	4.8405	12.3192	39.0103	26.6911	6.0103
sub-20983	ses-2	gordon333dil	lh	L_SMhand_13	545	343	1202	2.911	0.303	0.086	0.014	3	0.3	141	276	26.9282	5.2581	17.2300	41.4350	24.2050	5.1213
sub-20983	ses-2	gordon333dil	lh	L_SMhand_14	883	587	1427	2.272	0.277	0.119	0.019	11	0.6	142	277	26.4836	4.3020	12.3098	37.4921	25.1824	6.1561
sub-20983	ses-2	gordon333dil	lh	L_SMhand_15	296	193	495	2.301	0.431	0.123	0.021	5	0.3	143	278	24.6312	6.3526	6.6367	38.3303	31.6936	3.8773
sub-20983	ses-2	gordon333dil	lh	L_SMhand_16	1176	765	1855	2.371	0.373	0.103	0.019	11	0.8	144	279	29.2839	5.2923	8.8943	40.4339	31.5396	5.5333
sub-20983	ses-2	gordon333dil	lh	L_SMhand_17	758	473	755	1.704	0.268	0.088	0.012	4	0.4	145	280	24.0779	5.4709	11.5317	35.2868	23.7550	4.4011
sub-20983	ses-2	gordon333dil	lh	L_SMhand_18	641	384	1128	2.530	0.305	0.101	0.019	5	0.5	146	281	24.1616	4.7293	11.0552	35.9130	24.8577	5.1090
sub-20983	ses-2	gordon333dil	lh	L_SMmouth_1	1019	624	1955	2.811	0.430	0.096	0.015	7	0.6	147	302	24.9649	6.2515	-4.1753	44.0461	48.2214	3.9934
sub-20983	ses-2	gordon333dil	lh	L_SMmouth_2	394	246	695	2.594	0.212	0.081	0.009	3	0.2	148	303	22.4005	3.9096	12.7967	33.9376	21.1409	5.7297
sub-20983	ses-2	gordon333dil	lh	L_SMmouth_3	2058	1274	2619	2.037	0.580	0.098	0.017	15	1.5	149	304	24.3561	6.0635	6.0869	37.9816	31.8947	4.0169
sub-20983	ses-2	gordon333dil	lh	L_SMmouth_4	290	171	363	1.839	0.315	0.080	0.012	1	0.2	150	305	22.2303	3.3016	14.5045	30.4142	15.9096	6.7332
sub-20983	ses-2	gordon333dil	lh	L_Auditory_1	466	317	743	3.009	0.350	0.107	0.017	3	0.3	151	310	28.3860	4.7273	11.8321	40.3245	28.4924	6.0047
sub-20983	ses-2	gordon333dil	lh	L_Auditory_2	266	175	361	2.656	0.394	0.087	0.012	1	0.2	152	311	33.1140	2.5352	25.8196	39.8852	14.0656	13.0618
sub-20983	ses-2	gordon333dil	lh	L_Auditory_3	177	122	311	3.037	0.292	0.105	0.023	1	0.2	153	312	27.0580	3.6100	16.5981	36.1066	19.5086	7.4953
sub-20983	ses-2	gordon333dil	lh	L_Auditory_4	890	554	1686	2.817	0.392	0.118	0.018	9	0.8	154	313	24.9413	5.8527	10.4974	39.8290	29.3315	4.2615
sub-20983	ses-2	gordon333dil	lh	L_Auditory_5	370	232	629	2.901	0.395	0.090	0.015	2	0.2	155	314	31.1630	3.9355	20.7659	39.1797	18.4139	7.9184
sub-20983	ses-2	gordon333dil	lh	L_Auditory_6	388	233	839	2.934	0.349	0.076	0.012	2	0.2	156	315	28.3304	3.3581	20.0534	35.3134	15.2600	8.4363
sub-20983	ses-2	gordon333dil	lh	L_Auditory_7	338	219	475	2.966	0.277	0.105	0.016	2	0.2	157	316	29.0105	4.1194	17.3759	38.4664	21.0904	7.0425
sub-20983	ses-2	gordon333dil	lh	L_Auditory_8	188	119	313	2.972	0.495	0.083	0.015	1	0.1	158	317	28.2584	4.8341	13.2179	37.4834	24.2655	5.8456
sub-20983	ses-2	gordon333dil	lh	L_Auditory_9	457	318	749	2.843	0.616	0.141	0.030	6	0.5	159	318	25.4656	7.4226	-0.2477	36.9713	37.2190	3.4308
sub-20983	ses-2	gordon333dil	lh	L_Auditory_10	248	174	518	2.844	0.311	0.132	0.019	4	0.2	160	319	27.3081	5.4687	4.7389	36.1675	31.4286	4.9936
sub-20983	ses-2	gordon333dil	lh	L_Auditory_11	712	484	1453	2.908	0.549	0.106	0.013	6	0.4	161	320	29.1415	6.0221	11.3080	41.5098	30.2018	4.8391
sub-20983	ses-2	gordon333dil	lh	L_Auditory_12	898	580	2132	3.230	0.497	0.104	0.018	8	0.7	162	321	25.9222	5.9561	2.9937	39.5227	36.5289	4.3522
sub-20983	ses-2	gordon333dil	rh	???	9576	5875	1954	0.329	0.846	0.076	0.018	49	7.1	1	0	2.8611	8.9206	-60.6764	71.4648	132.1412	0.3207
sub-20983	ses-2	gordon333dil	rh	R_None_22	647	453	1937	3.888	0.599	0.106	0.025	5	0.6	2	22	26.1552	9.9641	0.0000	49.6189	49.6189	2.6249
sub-20983	ses-2	gordon333dil	rh	R_None_23	15	10	21	2.114	0.418	0.095	0.060	0	0.0	3	23	24.3466	5.0111	17.3963	33.2729	15.8766	4.8585
sub-20983	ses-2	gordon333dil	rh	R_None_24	204	111	347	2.366	0.819	0.127	0.035	4	0.3	4	24	18.1248	6.3826	0.0000	31.6038	31.6038	2.8397
sub-20983	ses-2	gordon333dil	rh	R_None_25	474	337	1195	3.110	0.544	0.112	0.029	7	0.5	5	25	26.1919	9.9713	-21.4988	45.3152	66.8139	2.6267
sub-20983	ses-2	gordon333dil	rh	R_None_26	817	572	1593	2.695	0.460	0.124	0.025	10	0.9	6	26	30.3089	8.4001	-3.8429	45.6982	49.5412	3.6081
sub-20983	ses-2	gordon333dil	rh	R_None_27	93	62	299	4.013	0.694	0.112	0.027	1	0.0	7	27	23.8897	5.8277	11.8237	36.2730	24.4493	4.0993
sub-20983	ses-2	gordon333dil	rh	R_None_28	931	638	1749	2.914	0.398	0.123	0.027	8	1.1	8	28	34.7429	6.4716	2.3454	49.7057	47.3603	5.3686
sub-20983	ses-2	gordon333dil	rh	R_None_29	984	732	2168	2.849	0.705	0.129	0.025	12	1.3	9	29	34.0812	9.7713	-14.3276	51.6153	65.9429	3.4879
sub-20983	ses-2	gordon333dil	rh	R_None_30	226	150	482	2.617	0.521	0.114	0.029	9	0.2	10	30	25.2150	12.1411	-11.7839	48.9516	60.7355	2.0768
sub-20983	ses-2	gordon333dil	rh	R_None_31	273	199	562	2.956	0.537	0.126	0.020	3	0.2	11	31	31.2710	7.7018	9.4249	44.5929	35.1680	4.0602
sub-20983	ses-2	gordon333dil	rh	R_None_32	875	619	1451	2.314	0.320	0.111	0.019	15	0.7	12	32	29.4636	10.4935	-12.6085	47.5396	60.1481	2.8078
sub-20983	ses-2	gordon333dil	rh	R_None_33	245	197	682	2.779	0.405	0.123	0.026	6	0.3	13	33	24.0275	10.7913	-2.4109	45.1500	47.5609	2.2266
sub-20983	ses-2	gordon333dil	rh	R_None_34	334	242	987	3.245	0.378	0.121	0.020	4	0.3	14	34	31.0142	7.7073	13.1383	50.5612	37.4229	4.0240
sub-20983	ses-2	gordon333dil	rh	R_None_35	377	259	766	2.765	0.483	0.103	0.017	2	0.2	15	35	34.3269	5.7347	1.5461	42.3121	40.7660	5.9859
sub-20983	ses-2	gordon333dil	rh	R_None_36	1630	1158	4565	3.424	0.561	0.118	0.021	16	1.4	16	36	29.4955	6.7626	-2.9489	46.6958	49.6447	4.3616
sub-20983	ses-2	gordon333dil	rh	R_None_37	272	169	683	3.064	0.726	0.090	0.012	2	0.1	17	37	26.1020	6.1745	0.0000	37.0712	37.0712	4.2274
sub-20983	ses-2	gordon333dil	rh	R_None_38	344	270	947	2.940	0.975	0.154	0.053	5	0.5	18	38	13.8423	6.3110	-2.8820	30.8937	33.7757	2.1933
sub-20983	ses-2	gordon333dil	rh	R_None_39	662	472	1752	3.155	0.453	0.113	0.018	7	0.5	19	39	30.1003	5.4707	9.8797	41.4497	31.5700	5.5021
sub-20983	ses-2	gordon333dil	rh	R_None_40	905	612	2030	2.918	0.569	0.095	0.020	8	0.8	20	40	30.5032	7.6136	-2.4923	42.8794	45.3717	4.0064
sub-20983	ses-2	gordon333dil	rh	R_None_41	448	308	1030	3.155	0.654	0.128	0.035	6	0.7	21	41	30.1358	10.9348	-5.5318	44.9005	50.4323	2.7559
sub-20983	ses-2	gordon333dil	rh	R_None_42	701	527	1218	2.241	0.765	0.152	0.045	11	1.4	22	42	21.0348	9.9954	-10.5151	55.8900	66.4051	2.1044
sub-20983	ses-2	gordon333dil	rh	R_None_43	634	423	1221	2.844	0.445	0.111	0.017	6	0.4	23	43	27.8988	7.4183	-3.9376	39.9621	43.8997	3.7608
sub-20983	ses-2	gordon333dil	rh	R_None_44	224	155	413	2.691	0.608	0.120	0.037	3	0.2	24	44	23.0901	7.4682	0.9072	38.0205	37.1133	3.0918
sub-20983	ses-2	gordon333dil	rh	R_None_45	647	420	1091	2.566	0.378	0.095	0.011	5	0.3	25	45	29.4183	5.6881	6.0665	38.0951	32.0285	5.1719
sub-20983	ses-2	gordon333dil	rh	R_None_46	319	201	490	1.851	1.390	0.133	0.033	6	0.4	26	46	16.5571	12.5188	-4.4756	35.3024	39.7779	1.3226
sub-20983	ses-2	gordon333dil	rh	R_None_47	1	1	0	0.000	0.000	0.281	0.060	0	0.0	27	47	0.0000	0.0000	0.0000	0.0000	0.0000	-nan
sub-20983	ses-2	gordon333dil	rh	R_Default_21	3044	2100	7067	2.985	0.474	0.121	0.023	36	3.0	28	68	28.4049	6.8238	-8.5229	41.4195	49.9424	4.1626
sub-20983	ses-2	gordon333dil	rh	R_Default_22	937	629	2417	3.175	0.372	0.119	0.021	9	0.8	29	69	27.3007	6.4814	12.5358	43.2742	30.7384	4.2122
sub-20983	ses-2	gordon333dil	rh	R_Default_23	1042	768	2369	2.933	0.587	0.137	0.026	14	1.1	30	70	31.9491	9.0376	7.5274	55.8590	48.3316	3.5351
sub-20983	ses-2	gordon333dil	rh	R_Default_24	144	101	404	2.960	0.236	0.104	0.025	2	0.1	31	71	28.7630	7.0377	12.7511	38.9725	26.2214	4.0870
sub-20983	ses-2	gordon333dil	rh	R_Default_25	1434	946	2616	2.869	0.356	0.097	0.016	8	1.0	32	72	33.8920	5.1840	13.1163	45.5875	32.4713	6.5379
sub-20983	ses-2	gordon333dil	rh	R_Default_26	2903	1970	5376	2.762	0.461	0.108	0.020	31	2.3	33	73	31.2693	6.9290	-11.3952	45.7725	57.1678	4.5128
sub-20983	ses-2	gordon333dil	rh	R_Default_27	744	476	1769	3.195	0.296	0.100	0.017	7	0.6	34	74	31.3830	7.1133	-2.3793	43.4044	45.7837	4.4119
sub-20983	ses-2	gordon333dil	rh	R_Default_28	208	161	550	2.915	0.310	0.115	0.022	2	0.2	35	75	28.8364	7.1039	-0.5587	39.2187	39.7774	4.0593
sub-20983	ses-2	gordon333dil	rh	R_Default_29	2519	1800	5397	2.733	0.437	0.124	0.024	37	2.5	36	76	27.6246	7.8359	-7.9573	42.4700	50.4272	3.5254
sub-20983	ses-2	gordon333dil	rh	R_Default_30	779	617	1983	2.745	0.457	0.164	0.039	21	1.5	37	77	28.5610	10.1108	-15.8379	47.6115	63.4494	2.8248
sub-20983	ses-2	gordon333dil	rh	R_Default_31	1348	910	2472	2.754	0.487	0.112	0.017	15	1.0	38	78	34.7918	7.2758	3.0107	51.8470	48.8363	4.7819
sub-20983	ses-2	gordon333dil	rh	R_Default_32	1386	999	3214	3.087	0.424	0.120	0.021	17	1.2	39	79	31.7790	7.3306	2.9216	45.0984	42.1768	4.3351
sub-20983	ses-2	gordon333dil	rh	R_Default_33	1016	677	2039	2.788	0.310	0.108	0.019	11	0.8	40	80	31.8873	6.7964	-1.8938	42.8913	44.7851	4.6918
sub-20983	ses-2	gordon333dil	rh	R_Default_34	612	414	907	2.459	0.387	0.112	0.023	7	0.6	41	81	33.0321	8.5762	4.0208	44.6088	40.5880	3.8516
sub-20983	ses-2	gordon333dil	rh	R_Default_35	1092	792	1971	2.538	0.348	0.114	0.023	10	1.0	42	82	34.6919	8.2123	4.1003	47.0605	42.9602	4.2244
sub-20983	ses-2	gordon333dil	rh	R_Default_36	1402	991	3931	3.320	0.566	0.114	0.021	14	1.2	43	83	33.9531	7.4753	13.8570	51.1871	37.3301	4.5420
sub-20983	ses-2	gordon333dil	rh	R_Default_37	334	232	820	3.326	0.355	0.125	0.029	3	0.3	44	84	33.6130	7.2004	-6.7726	43.9573	50.7298	4.6682
sub-20983	ses-2	gordon333dil	rh	R_Default_38	670	465	1870	3.206	0.478	0.130	0.023	8	0.7	45	85	29.1763	6.1929	12.9018	43.6780	30.7763	4.7113
sub-20983	ses-2	gordon333dil	rh	R_Default_39	752	497	2181	3.621	0.395	0.102	0.017	6	0.5	46	86	30.5374	5.8861	14.8682	42.1812	27.3130	5.1881
sub-20983	ses-2	gordon333dil	rh	R_Default_40	492	340	1286	3.003	0.301	0.101	0.016	4	0.4	47	87	26.7133	5.6321	11.8729	39.5968	27.7238	4.7430
sub-20983	ses-2	gordon333dil	rh	R_Default_41	168	115	305	3.077	0.336	0.130	0.034	2	0.2	48	88	30.5254	6.3447	14.3011	41.0189	26.7178	4.8112
sub-20983	ses-2	gordon333dil	rh	R_ParietoOccip_5	1423	975	2572	2.824	0.519	0.115	0.023	14	1.4	49	93	27.0373	6.8442	1.9812	38.4033	36.4220	3.9504
sub-20983	ses-2	gordon333dil	rh	R_ParietoOccip_6	212	140	262	2.463	0.355	0.077	0.008	1	0.1	50	94	30.1749	4.4075	19.3664	40.5241	21.1577	6.8462
sub-20983	ses-2	gordon333dil	rh	R_ParietoOccip_7	440	282	611	2.594	0.294	0.073	0.006	2	0.1	51	95	31.1055	2.8862	21.8910	37.3875	15.4965	10.7773
sub-20983	ses-2	gordon333dil	rh	R_ParietoOccip_8	194	131	403	3.307	0.366	0.075	0.008	1	0.1	52	96	30.5478	3.3712	16.2524	35.8355	19.5832	9.0614
sub-20983	ses-2	gordon333dil	rh	R_FrontoParietal_10	724	522	1868	2.866	0.360	0.120	0.022	8	0.7	53	106	29.6623	6.0829	9.3390	40.7110	31.3720	4.8763
sub-20983	ses-2	gordon333dil	rh	R_FrontoParietal_11	662	445	1008	2.492	0.308	0.093	0.011	4	0.3	54	107	36.4580	5.8710	11.7796	49.0809	37.3013	6.2098
sub-20983	ses-2	gordon333dil	rh	R_FrontoParietal_12	1342	885	2952	3.056	0.475	0.101	0.015	10	0.9	55	108	32.9619	5.2760	7.4212	43.9452	36.5240	6.2476
sub-20983	ses-2	gordon333dil	rh	R_FrontoParietal_13	811	574	2125	3.266	0.461	0.122	0.020	8	0.8	56	109	29.4384	6.0755	14.3282	41.7698	27.4416	4.8454
sub-20983	ses-2	gordon333dil	rh	R_FrontoParietal_14	1063	780	2443	2.670	0.336	0.120	0.020	16	1.0	57	110	31.2982	7.4507	5.9473	46.0357	40.0884	4.2007
sub-20983	ses-2	gordon333dil	rh	R_FrontoParietal_15	362	246	532	2.698	0.281	0.131	0.019	5	0.3	58	111	34.7813	5.9210	13.9341	43.8270	29.8929	5.8742
sub-20983	ses-2	gordon333dil	rh	R_FrontoParietal_16	269	178	376	2.533	0.262	0.102	0.014	3	0.1	59	112	33.7195	4.9896	15.8830	42.6140	26.7310	6.7579
sub-20983	ses-2	gordon333dil	rh	R_FrontoParietal_17	1203	809	2334	2.729	0.377	0.093	0.015	9	0.7	60	113	34.4169	5.9548	0.1669	45.6785	45.5116	5.7797
sub-20983	ses-2	gordon333dil	rh	R_FrontoParietal_18	1422	945	2469	2.608	0.449	0.085	0.013	8	0.8	61	114	34.3140	6.3026	-4.1744	46.5265	50.7009	5.4444
sub-20983	ses-2	gordon333dil	rh	R_FrontoParietal_19	411	277	683	2.704	0.341	0.107	0.021	3	0.3	62	115	33.3740	4.7133	15.5774	42.3999	26.8225	7.0809
sub-20983	ses-2	gordon333dil	rh	R_FrontoParietal_20	1072	824	2183	2.499	0.447	0.131	0.024	16	1.0	63	116	31.9504	8.5436	-13.3950	48.1576	61.5525	3.7397
sub-20983	ses-2	gordon333dil	rh	R_FrontoParietal_21	1013	747	2182	2.594	0.298	0.135	0.025	17	1.2	64	117	30.8401	8.4561	-6.4901	44.3915	50.8817	3.6471
sub-20983	ses-2	gordon333dil	rh	R_FrontoParietal_22	439	299	850	2.641	0.259	0.119	0.029	6	0.4	65	118	33.9587	6.9623	6.0572	42.7362	36.6790	4.8775
sub-20983	ses-2	gordon333dil	rh	R_FrontoParietal_23	1447	982	3479	2.960	0.341	0.114	0.021	17	1.3	66	119	28.4801	6.6747	9.2884	43.6922	34.4038	4.2669
sub-20983	ses-2	gordon333dil	rh	R_FrontoParietal_24	572	380	974	2.683	0.251	0.107	0.017	4	0.5	67	120	32.8025	5.3483	15.1114	41.7228	26.6114	6.1332
sub-20983	ses-2	gordon333dil	rh	R_Salience_3	458	339	946	2.814	0.519	0.110	0.018	4	0.4	68	123	32.3356	7.2407	9.4621	49.8055	40.3433	4.4658
sub-20983	ses-2	gordon333dil	rh	R_Salience_4	295	200	581	3.148	0.298	0.106	0.022	2	0.2	69	124	29.3736	6.1797	9.0403	40.1751	31.1348	4.7533
sub-20983	ses-2	gordon333dil	rh	R_CinguloOperc_21	1929	1295	3340	2.853	0.344	0.097	0.018	13	1.3	70	145	33.2375	5.9665	6.7043	44.9411	38.2368	5.5706
sub-20983	ses-2	gordon333dil	rh	R_CinguloOperc_22	269	184	723	3.673	0.417	0.107	0.016	2	0.2	71	146	29.7784	5.8925	14.8178	40.6384	25.8207	5.0536
sub-20983	ses-2	gordon333dil	rh	R_CinguloOperc_23	1365	918	2459	2.637	0.615	0.109	0.016	14	0.8	72	147	31.6849	7.3437	0.0000	47.0194	47.0194	4.3146
sub-20983	ses-2	gordon333dil	rh	R_CinguloOperc_24	291	188	624	3.265	0.359	0.108	0.019	3	0.3	73	148	30.4189	6.5770	13.7120	41.0598	27.3478	4.6250
sub-20983	ses-2	gordon333dil	rh	R_CinguloOperc_25	623	441	1229	2.618	0.642	0.121	0.018	7	0.5	74	149	32.5425	6.5954	11.0944	45.9248	34.8304	4.9342
sub-20983	ses-2	gordon333dil	rh	R_CinguloOperc_26	314	193	837	3.342	0.383	0.109	0.030	2	0.4	75	150	22.6931	4.3497	14.4285	36.3012	21.8727	5.2172
sub-20983	ses-2	gordon333dil	rh	R_CinguloOperc_27	628	406	1498	3.129	0.448	0.103	0.020	4	0.5	76	151	26.2911	5.5924	16.1750	41.1438	24.9688	4.7012
sub-20983	ses-2	gordon333dil	rh	R_CinguloOperc_28	669	446	1181	2.630	0.220	0.081	0.009	3	0.3	77	152	29.0081	5.7003	12.9914	39.8017	26.8103	5.0888
sub-20983	ses-2	gordon333dil	rh	R_CinguloOperc_29	1023	748	2689	3.069	0.382	0.122	0.020	15	0.9	78	153	29.7239	7.3586	9.2810	43.7513	34.4703	4.0394
sub-20983	ses-2	gordon333dil	rh	R_CinguloOperc_30	3152	2136	6594	2.916	0.443	0.106	0.017	30	2.3	79	154	30.6988	6.0451	0.5650	42.4157	41.8507	5.0783
sub-20983	ses-2	gordon333dil	rh	R_CinguloOperc_31	745	485	1504	3.667	0.731	0.083	0.017	4	0.5	80	155	24.8611	9.1466	-6.0898	40.4531	46.5429	2.7181
sub-20983	ses-2	gordon333dil	rh	R_CinguloOperc_32	590	377	1382	3.896	0.817	0.074	0.017	3	0.3	81	156	26.7447	7.9424	5.8515	41.9928	36.1413	3.3673
sub-20983	ses-2	gordon333dil	rh	R_CinguloOperc_33	539	346	887	3.026	0.452	0.086	0.015	2	0.3	82	157	32.6403	3.8821	18.5708	42.0671	23.4964	8.4079
sub-20983	ses-2	gordon333dil	rh	R_CinguloOperc_34	297	210	959	4.022	0.473	0.112	0.022	3	0.3	83	158	20.9451	6.0507	0.7069	39.3455	38.6386	3.4616
sub-20983	ses-2	gordon333dil	rh	R_CinguloOperc_35	244	164	583	3.597	0.480	0.082	0.014	1	0.1	84	159	27.1006	5.7574	-3.6311	39.5064	43.1375	4.7071
sub-20983	ses-2	gordon333dil	rh	R_CinguloOperc_36	184	136	436	3.303	0.360	0.100	0.017	1	0.1	85	160	29.7086	5.9751	14.0432	41.3258	27.2826	4.9720
sub-20983	ses-2	gordon333dil	rh	R_CinguloOperc_37	922	596	1417	2.965	0.376	0.092	0.013	4	0.6	86	161	36.3994	4.0627	7.1119	44.4527	37.3408	8.9595
sub-20983	ses-2	gordon333dil	rh	R_CinguloOperc_38	664	438	1528	3.081	0.430	0.099	0.015	6	0.4	87	162	29.2754	5.8109	0.7772	40.2304	39.4532	5.0380
sub-20983	ses-2	gordon333dil	rh	R_CinguloOperc_39	641	460	1438	2.672	0.386	0.119	0.022	7	0.6	88	163	32.3384	7.3726	11.7072	44.4018	32.6947	4.3863
sub-20983	ses-2	gordon333dil	rh	R_CinguloOperc_40	1765	1228	3608	2.693	0.448	0.114	0.022	18	1.5	89	164	32.5347	7.1087	3.7370	48.0019	44.2650	4.5767
sub-20983	ses-2	gordon333dil	rh	R_MedialParietal_4	734	499	691	1.494	0.590	0.122	0.018	10	0.6	90	168	25.0409	8.0942	0.0000	41.7919	41.7919	3.0937
sub-20983	ses-2	gordon333dil	rh	R_MedialParietal_5	1103	736	1933	2.634	0.344	0.104	0.016	9	0.7	91	169	27.3117	4.9359	2.3892	36.3767	33.9875	5.5332
sub-20983	ses-2	gordon333dil	rh	R_DorsalAttn_20	1835	1268	3532	2.603	0.405	0.121	0.024	21	1.7	92	189	29.3122	6.4396	4.2339	41.5727	37.3387	4.5519
sub-20983	ses-2	gordon333dil	rh	R_DorsalAttn_21	514	349	959	2.605	0.254	0.105	0.014	4	0.3	93	190	29.5840	5.3648	10.1147	41.1790	31.0643	5.5144
sub-20983	ses-2	gordon333dil	rh	R_DorsalAttn_22	978	649	1401	2.548	0.277	0.094	0.016	5	0.7	94	191	30.4609	5.2075	14.2718	42.0623	27.7905	5.8494
sub-20983	ses-2	gordon333dil	rh	R_DorsalAttn_23	414	268	791	2.809	0.358	0.114	0.022	4	0.4	95	192	30.9836	5.9533	17.8544	42.4379	24.5835	5.2044
sub-20983	ses-2	gordon333dil	rh	R_DorsalAttn_24	680	461	989	2.497	0.370	0.109	0.018	6	0.5	96	193	31.6109	5.6101	10.4664	42.7472	32.2808	5.6346
sub-20983	ses-2	gordon333dil	rh	R_DorsalAttn_25	929	692	2078	2.611	0.514	0.142	0.027	17	0.9	97	194	27.6795	8.4336	-4.0221	44.1264	48.1485	3.2820
sub-20983	ses-2	gordon333dil	rh	R_DorsalAttn_26	330	251	800	2.736	0.333	0.140	0.026	9	0.3	98	195	29.2199	9.3247	3.2109	47.6177	44.4068	3.1336
sub-20983	ses-2	gordon333dil	rh	R_DorsalAttn_27	1422	961	2571	2.482	0.331	0.101	0.024	20	0.8	99	196	27.9723	6.2106	-19.0826	40.2870	59.3696	4.5039
sub-20983	ses-2	gordon333dil	rh	R_DorsalAttn_28	1143	741	1740	2.536	0.343	0.080	0.011	10	0.5	100	197	29.8476	4.3099	-1.5758	38.8659	40.4416	6.9254
sub-20983	ses-2	gordon333dil	rh	R_DorsalAttn_29	784	522	1158	2.326	0.230	0.098	0.015	6	0.6	101	198	31.5366	5.3012	8.4439	40.1074	31.6636	5.9490
sub-20983	ses-2	gordon333dil	rh	R_DorsalAttn_30	594	399	1146	2.604	0.479	0.112	0.017	7	0.5	102	199	28.4119	6.1446	7.7195	40.0048	32.2853	4.6239
sub-20983	ses-2	gordon333dil	rh	R_DorsalAttn_31	750	507	1682	2.876	0.288	0.103	0.019	7	0.5	103	200	29.5352	6.8751	8.3650	40.3790	32.0140	4.2959
sub-20983	ses-2	gordon333dil	rh	R_DorsalAttn_32	2572	1749	5084	2.834	0.336	0.110	0.018	24	2.2	104	201	31.9219	6.5318	5.9663	44.1470	38.1807	4.8871
sub-20983	ses-2	gordon333dil	rh	R_VentralAttn_12	571	400	1501	2.951	0.271	0.099	0.017	6	0.4	105	213	28.0004	7.2802	0.4333	40.6941	40.2608	3.8461
sub-20983	ses-2	gordon333dil	rh	R_VentralAttn_13	585	426	1521	3.163	0.420	0.133	0.025	9	0.6	106	214	30.2919	8.8528	-1.7313	44.9569	46.6883	3.4217
sub-20983	ses-2	gordon333dil	rh	R_VentralAttn_14	370	244	924	3.497	0.438	0.104	0.014	2	0.2	107	215	31.8294	5.2644	19.6982	42.8426	23.1444	6.0461
sub-20983	ses-2	gordon333dil	rh	R_VentralAttn_15	402	258	556	2.725	0.249	0.091	0.014	2	0.3	108	216	32.8043	2.5851	25.8422	40.9653	15.1230	12.6899
sub-20983	ses-2	gordon333dil	rh	R_VentralAttn_16	666	435	1089	2.940	0.346	0.101	0.018	4	0.5	109	217	32.6705	5.0683	16.1766	44.5188	28.3422	6.4460
sub-20983	ses-2	gordon333dil	rh	R_VentralAttn_17	621	389	1103	2.905	0.348	0.069	0.008	2	0.2	110	218	33.4177	3.8024	19.1391	41.6781	22.5390	8.7885
sub-20983	ses-2	gordon333dil	rh	R_VentralAttn_18	449	323	1091	3.102	0.287	0.122	0.023	4	0.4	111	219	33.6114	6.8342	11.3498	45.1226	33.7727	4.9181
sub-20983	ses-2	gordon333dil	rh	R_VentralAttn_19	331	232	619	2.495	0.347	0.103	0.014	3	0.2	112	220	29.7482	6.6655	8.1174	44.0317	35.9143	4.4630
sub-20983	ses-2	gordon333dil	rh	R_VentralAttn_20	1002	697	2426	3.002	0.375	0.125	0.024	13	0.9	113	221	29.4953	7.1404	6.8762	43.1109	36.2347	4.1307
sub-20983	ses-2	gordon333dil	rh	R_VentralAttn_21	633	426	1629	3.422	0.704	0.113	0.032	6	0.8	114	222	22.0636	8.8478	-10.7287	35.8308	46.5595	2.4937
sub-20983	ses-2	gordon333dil	rh	R_VentralAttn_22	216	152	550	3.337	0.302	0.102	0.031	5	0.2	115	223	27.9759	9.0887	-3.9344	40.7698	44.7042	3.0781
sub-20983	ses-2	gordon333dil	rh	R_VentralAttn_23	296	180	395	2.828	0.324	0.074	0.010	1	0.1	116	224	35.0008	3.5649	22.4998	41.1951	18.6953	9.8183
sub-20983	ses-2	gordon333dil	rh	R_Visual_19	2000	1270	3125	2.331	0.356	0.108	0.019	19	1.5	117	243	23.5305	4.6556	5.1067	34.2378	29.1311	5.0543
sub-20983	ses-2	gordon333dil	rh	R_Visual_20	248	154	547	2.997	0.460	0.091	0.017	2	0.2	118	244	24.3294	5.8368	6.4296	34.0230	27.5935	4.1683
sub-20983	ses-2	gordon333dil	rh	R_Visual_21	6015	4183	7987	2.060	0.580	0.128	0.026	67	6.6	119	245	19.1570	7.5570	-82.7157	42.9132	125.6289	2.5350
sub-20983	ses-2	gordon333dil	rh	R_Visual_22	818	527	1330	2.560	0.548	0.102	0.018	8	0.5	120	246	21.9404	6.8314	-9.2348	33.0524	42.2872	3.2117
sub-20983	ses-2	gordon333dil	rh	R_Visual_23	626	401	1178	2.622	0.531	0.118	0.022	8	0.6	121	247	23.3502	6.0790	5.1383	38.5582	33.4199	3.8411
sub-20983	ses-2	gordon333dil	rh	R_Visual_24	1024	703	2296	2.661	0.382	0.117	0.022	15	0.9	122	248	26.9946	5.8898	7.7287	41.3011	33.5724	4.5833
sub-20983	ses-2	gordon333dil	rh	R_Visual_25	555	381	900	2.532	0.309	0.112	0.016	5	0.4	123	249	25.6700	4.2371	11.5820	39.2912	27.7092	6.0584
sub-20983	ses-2	gordon333dil	rh	R_Visual_26	344	205	591	2.313	0.522	0.125	0.029	4	0.4	124	250	23.3809	4.9091	8.3076	35.9061	27.5985	4.7627
sub-20983	ses-2	gordon333dil	rh	R_Visual_27	754	499	1214	2.540	0.403	0.109	0.018	6	0.5	125	251	26.8740	4.3408	11.3805	36.8958	25.5153	6.1911
sub-20983	ses-2	gordon333dil	rh	R_Visual_28	5206	3240	7321	2.250	0.492	0.115	0.023	52	5.2	126	252	24.0945	7.1046	-9.9114	41.4003	51.3117	3.3914
sub-20983	ses-2	gordon333dil	rh	R_Visual_29	2204	1452	5014	2.919	0.469	0.119	0.026	30	2.1	127	253	25.0235	5.7877	-3.2390	40.4070	43.6460	4.3236
sub-20983	ses-2	gordon333dil	rh	R_Visual_30	3444	2271	6081	2.645	0.455	0.105	0.019	39	2.6	128	254	28.4391	6.4209	2.0496	43.7479	41.6983	4.4291
sub-20983	ses-2	gordon333dil	rh	R_Visual_31	846	559	1215	2.559	0.344	0.099	0.013	5	0.5	129	255	31.9015	3.5605	18.5278	40.7223	22.1945	8.9599
sub-20983	ses-2	gordon333dil	rh	R_Visual_32	224	149	316	2.716	0.289	0.094	0.014	1	0.2	130	256	29.0524	3.0876	18.8627	34.9555	16.0929	9.4094
sub-20983	ses-2	gordon333dil	rh	R_Visual_33	3384	2201	5638	2.543	0.520	0.118	0.023	38	3.3	131	257	25.0140	5.7721	2.1725	39.1551	36.9826	4.3336
sub-20983	ses-2	gordon333dil	rh	R_Visual_34	1201	780	2629	3.009	0.573	0.088	0.014	10	0.7	132	258	26.0078	5.7631	7.1177	37.5312	30.4134	4.5128
sub-20983	ses-2	gordon333dil	rh	R_Visual_35	1016	654	1137	1.761	0.291	0.135	0.030	14	1.3	133	259	21.1461	5.9150	4.1735	35.9091	31.7356	3.5750
sub-20983	ses-2	gordon333dil	rh	R_Visual_36	844	592	983	1.734	0.550	0.157	0.037	14	1.3	134	260	18.5510	5.6163	-14.2715	32.6051	46.8765	3.3031
sub-20983	ses-2	gordon333dil	rh	R_Visual_37	871	594	1083	1.952	0.457	0.137	0.028	10	1.0	135	261	22.3217	5.1305	7.1160	34.4756	27.3597	4.3508
sub-20983	ses-2	gordon333dil	rh	R_Visual_38	600	427	858	1.977	0.479	0.145	0.030	8	0.8	136	262	22.3817	5.5660	9.8531	35.7439	25.8908	4.0212
sub-20983	ses-2	gordon333dil	rh	R_Visual_39	456	317	777	2.498	0.414	0.143	0.030	5	0.6	137	263	22.5378	5.3938	10.5626	36.5133	25.9508	4.1784
sub-20983	ses-2	gordon333dil	rh	R_SMhand_19	1972	1352	3393	2.382	0.341	0.119	0.020	22	1.7	138	282	29.2602	5.6252	11.7243	41.2716	29.5474	5.2016
sub-20983	ses-2	gordon333dil	rh	R_SMhand_20	807	508	987	1.833	0.386	0.104	0.017	6	0.6	139	283	20.4034	4.9309	2.5698	32.8652	30.2954	4.1378
sub-20983	ses-2	gordon333dil	rh	R_SMhand_21	1168	729	2442	2.834	0.358	0.106	0.018	9	0.9	140	284	22.2136	3.9659	11.5210	33.0934	21.5723	5.6011
sub-20983	ses-2	gordon333dil	rh	R_SMhand_22	531	347	864	2.398	0.309	0.112	0.013	5	0.3	141	285	25.5503	4.5623	14.2307	35.6756	21.4450	5.6002
sub-20983	ses-2	gordon333dil	rh	R_SMhand_23	217	143	375	2.733	0.282	0.109	0.015	2	0.1	142	286	27.0810	5.3672	13.3578	34.8246	21.4668	5.0457
sub-20983	ses-2	gordon333dil	rh	R_SMhand_24	426	281	894	2.965	0.361	0.116	0.023	4	0.4	143	287	27.4880	6.7849	8.5791	40.6688	32.0897	4.0514
sub-20983	ses-2	gordon333dil	rh	R_SMhand_25	938	559	1603	2.539	0.567	0.106	0.020	7	0.8	144	288	18.4038	4.3198	6.0288	35.1402	29.1114	4.2603
sub-20983	ses-2	gordon333dil	rh	R_SMhand_26	369	235	601	2.581	0.238	0.076	0.011	2	0.1	145	289	21.8557	2.6027	14.7569	29.3797	14.6228	8.3974
sub-20983	ses-2	gordon333dil	rh	R_SMhand_27	168	102	313	2.602	0.430	0.054	0.010	1	0.1	146	290	19.9434	2.7319	12.7024	26.6947	13.9923	7.3002
sub-20983	ses-2	gordon333dil	rh	R_SMhand_28	873	561	1463	2.521	0.314	0.125	0.022	9	0.9	147	291	25.8825	5.1970	11.6420	37.1759	25.5339	4.9803
sub-20983	ses-2	gordon333dil	rh	R_SMhand_29	402	258	596	2.510	0.463	0.103	0.013	3	0.3	148	292	26.5712	5.3064	8.8852	37.5088	28.6236	5.0074
sub-20983	ses-2	gordon333dil	rh	R_SMhand_30	531	337	1204	3.168	0.461	0.067	0.010	2	0.2	149	293	27.7176	5.3024	14.7587	38.2585	23.4998	5.2273
sub-20983	ses-2	gordon333dil	rh	R_SMhand_31	696	487	1166	2.213	0.209	0.110	0.019	8	0.5	150	294	27.1214	5.9189	2.2767	38.3117	36.0350	4.5822
sub-20983	ses-2	gordon333dil	rh	R_SMhand_32	252	163	396	2.406	0.246	0.098	0.011	2	0.2	151	295	29.6620	4.6400	15.2076	37.7133	22.5057	6.3926
sub-20983	ses-2	gordon333dil	rh	R_SMhand_33	1310	846	1791	2.507	0.307	0.090	0.013	6	0.7	152	296	33.2384	3.9485	22.7294	43.3048	20.5754	8.4180
sub-20983	ses-2	gordon333dil	rh	R_SMhand_34	629	398	761	1.869	0.403	0.111	0.022	6	0.5	153	297	23.0537	5.4654	7.1364	38.7439	31.6076	4.2181
sub-20983	ses-2	gordon333dil	rh	R_SMhand_35	288	189	492	2.471	0.336	0.120	0.016	4	0.3	154	298	23.9627	5.1806	12.8971	32.9741	20.0770	4.6254
sub-20983	ses-2	gordon333dil	rh	R_SMhand_36	1225	776	1308	1.812	0.391	0.103	0.020	9	1.0	155	299	23.0099	5.0146	7.4891	34.1500	26.6609	4.5886
sub-20983	ses-2	gordon333dil	rh	R_SMhand_37	586	385	1201	2.768	0.334	0.100	0.017	5	0.4	156	300	24.7762	4.7879	12.8591	34.8599	22.0008	5.1748
sub-20983	ses-2	gordon333dil	rh	R_SMhand_38	580	390	1115	2.662	0.368	0.106	0.016	5	0.4	157	301	29.9566	6.4165	-4.0906	42.1284	46.2190	4.6687
sub-20983	ses-2	gordon333dil	rh	R_SMmouth_5	729	480	1267	2.563	0.440	0.106	0.017	5	0.5	158	306	26.9867	6.0919	13.5563	40.5585	27.0022	4.4300
sub-20983	ses-2	gordon333dil	rh	R_SMmouth_6	572	366	1014	2.589	0.374	0.093	0.015	5	0.3	159	307	22.0812	3.8910	12.4683	34.8800	22.4117	5.6750
sub-20983	ses-2	gordon333dil	rh	R_SMmouth_7	1593	1048	2479	2.265	0.674	0.110	0.020	15	1.4	160	308	23.5705	5.2489	3.5860	36.8123	33.2263	4.4906
sub-20983	ses-2	gordon333dil	rh	R_SMmouth_8	349	209	402	1.715	0.281	0.097	0.014	3	0.2	161	309	19.6064	3.6813	11.0055	27.9518	16.9463	5.3259
sub-20983	ses-2	gordon333dil	rh	R_Auditory_13	380	247	643	3.077	0.381	0.077	0.010	2	0.1	162	322	28.4337	3.7724	15.7983	36.7235	20.9253	7.5373
sub-20983	ses-2	gordon333dil	rh	R_Auditory_14	486	319	745	2.905	0.281	0.108	0.019	3	0.4	163	323	26.0210	4.1631	7.9948	35.0200	27.0252	6.2505
sub-20983	ses-2	gordon333dil	rh	R_Auditory_15	811	516	1389	2.613	0.469	0.124	0.020	10	0.7	164	324	24.1132	4.9827	8.1105	36.8294	28.7188	4.8394
sub-20983	ses-2	gordon333dil	rh	R_Auditory_16	637	415	1368	2.895	0.431	0.119	0.020	9	0.6	165	325	29.3956	7.4089	3.3108	43.5625	40.2517	3.9676
sub-20983	ses-2	gordon333dil	rh	R_Auditory_17	295	176	614	2.987	0.320	0.077	0.010	2	0.1	166	326	30.1327	4.9506	18.2828	38.0553	19.7725	6.0867
sub-20983	ses-2	gordon333dil	rh	R_Auditory_18	705	445	1375	2.947	0.388	0.078	0.010	3	0.2	167	327	29.6989	3.8706	19.5585	38.2394	18.6809	7.6730
sub-20983	ses-2	gordon333dil	rh	R_Auditory_19	340	234	512	2.791	0.317	0.132	0.027	4	0.4	168	328	27.2539	6.7878	2.3928	39.9312	37.5385	4.0151
sub-20983	ses-2	gordon333dil	rh	R_Auditory_20	177	125	402	3.349	0.487	0.146	0.032	3	0.2	169	329	23.1753	6.3451	2.6966	35.9385	33.2419	3.6525
sub-20983	ses-2	gordon333dil	rh	R_Auditory_21	347	233	757	2.658	0.271	0.122	0.024	5	0.3	170	330	24.0310	5.2362	10.4369	35.4800	25.0431	4.5894
sub-20983	ses-2	gordon333dil	rh	R_Auditory_22	604	408	1147	2.794	0.245	0.112	0.013	6	0.4	171	331	30.0608	6.8711	8.9354	43.6525	34.7171	4.3750
sub-20983	ses-2	gordon333dil	rh	R_Auditory_23	86	57	116	2.680	0.162	0.109	0.013	0	0.1	172	332	30.6338	2.8648	22.6251	36.0501	13.4251	10.6932
sub-20983	ses-2	gordon333dil	rh	R_Auditory_24	857	531	1887	3.138	0.498	0.109	0.018	10	0.6	173	333	25.4698	5.0197	6.6016	39.5846	32.9829	5.0740
